X	Y	LS	lowCI	upCI	Xs	Ys	Len	Delay	P	PCC	Ppcc	SPCC	Pspcc	Dspcc	SCC	Pscc	SSCC	Psscc	Dsscc	Q	Qpcc	Qspcc	Qscc	Qsscc	Xi	Yi
OTU7	OTU47	0.030734	-0.501475	0.541560	1	1	6	0	0.903000	0.525875	0.180687	0.525875	0.180687	0	0.321218	0.437863	0.321218	0.437863	0	0.513636	0.163201	0.002204	0.393473	0.004100	1	2
OTU7	OTU192	0.446303	0.263727	0.728413	1	1	5	0	0.245000	0.483192	0.225154	0.531579	0.219464	-1	0.500000	0.207031	0.678571	0.093750	-1	0.201923	0.192163	0.002540	0.230035	0.001214	1	3
OTU7	OTU23	0.437727	0.184321	0.738262	1	2	6	-1	0.352000	0.303441	0.465009	0.823230	0.022885	-1	0.457831	0.253980	0.785714	0.036238	-1	0.265327	0.308537	0.000550	0.266609	0.000556	1	4
OTU7	OTU2	0.457272	0.302535	0.600675	1	1	6	0	0.425000	0.504091	0.202740	0.794324	0.032870	-1	0.526956	0.179629	0.821429	0.023449	-1	0.305742	0.179275	0.000708	0.206845	0.000402	1	5
OTU7	OTU22	0.209563	-0.325136	0.403282	2	1	7	1	0.320000	0.443024	0.271621	0.443024	0.271621	0	0.319072	0.441104	0.736364	0.059116	1	0.246154	0.216062	0.002890	0.393473	0.000840	1	6
OTU7	OTU4	-0.136861	-0.562754	0.500907	3	2	6	1	0.738000	-0.241501	0.564483	-0.581316	0.171042	-1	-0.018072	0.966122	-0.594619	0.159090	-1	0.451837	0.354384	0.002129	0.677355	0.001841	1	7
OTU7	OTU2771	0.154239	-0.595906	0.652663	1	2	6	-1	0.497000	-0.146335	0.729514	-0.463656	0.294677	1	-0.042425	0.920548	-0.522958	0.228442	1	0.350000	0.413830	0.003082	0.665035	0.002466	1	8
OTU7	OTU14	0.299389	-0.546469	0.657563	1	2	6	-1	0.261000	0.090776	0.830728	-0.492186	0.261853	1	0.210843	0.616229	0.702731	0.078237	-1	0.212772	0.447315	0.002798	0.503444	0.001075	1	9
OTU7	OTU537	0.104084	-0.508902	0.519430	1	2	6	-1	0.892000	-0.104607	0.805287	-0.370807	0.412868	1	0.072289	0.864929	0.450469	0.310429	-1	0.512644	0.436978	0.003955	0.641940	0.003080	1	10
OTU7	OTU90	-0.292563	-0.587541	0.401429	3	2	6	1	0.607000	-0.192305	0.648218	-0.460253	0.298708	1	0.030304	0.943216	-0.366988	0.418074	1	0.400000	0.382914	0.003104	0.673970	0.003944	1	11
OTU7	OTU41	-0.318084	-0.565614	0.397710	1	2	6	-1	0.659000	-0.419040	0.301432	-0.667096	0.101638	-1	-0.319277	0.440794	-0.756787	0.048905	-1	0.417089	0.228110	0.001432	0.393473	0.000723	1	12
OTU7	OTU5	0.507930	0.310219	0.737908	2	1	7	1	0.112000	0.522071	0.184441	0.640624	0.121103	1	0.704819	0.050904	0.810844	0.026916	1	0.112752	0.165524	0.001619	0.079277	0.000446	1	13
OTU7	OTU430	0.280857	-0.380704	0.572708	1	2	6	-1	0.536000	-0.024423	0.954225	0.628944	0.130250	-1	0.222892	0.595714	0.750000	0.052181	-1	0.372222	0.489346	0.001723	0.494905	0.000763	1	14
OTU7	OTU6	0.285232	-0.370097	0.547013	3	2	6	1	0.841000	0.229259	0.584964	0.646265	0.116807	-1	0.131739	0.755833	0.607143	0.148231	-1	0.496654	0.362996	0.001578	0.586156	0.001756	1	15
OTU7	OTU15	-0.097218	-0.622900	0.573703	3	2	6	1	0.324000	-0.144281	0.733204	-0.514693	0.237209	1	0.126506	0.765320	0.522544	0.228878	-1	0.247959	0.413905	0.002647	0.591101	0.002466	1	16
OTU7	OTU995	-0.312583	-0.774864	0.468117	2	1	7	1	0.265000	-0.357430	0.384711	-0.512041	0.240054	1	-0.409639	0.313526	-0.800000	0.030749	1	0.214516	0.269298	0.002655	0.311884	0.000477	1	17
OTU7	OTU6096	-0.113545	-0.563925	0.508334	3	2	6	1	0.900000	-0.292496	0.482047	-0.531635	0.219406	-1	-0.102410	0.809320	-0.558581	0.192453	-1	0.513636	0.311493	0.002540	0.612633	0.002129	1	18
OTU7	OTU1334	-0.211400	-0.342659	0.230011	1	2	6	-1	0.886000	-0.382670	0.349463	-0.581214	0.171136	-1	-0.208624	0.620031	-0.592999	0.160522	-1	0.512644	0.253288	0.002129	0.503444	0.001841	1	19
OTU7	OTU18	0.455396	0.307995	0.632679	1	2	7	-1	0.211000	0.163388	0.699056	0.861244	0.012765	-1	0.463855	0.246973	0.954994	0.000806	-1	0.181897	0.402748	0.000370	0.263623	0.000047	1	20
OTU7	OTU842	-0.176386	-0.409098	0.286536	1	1	6	0	0.805000	-0.402531	0.322820	-0.423800	0.343365	-1	-0.257712	0.537758	-0.481812	0.273587	-1	0.486895	0.240398	0.003475	0.454107	0.002815	1	21
OTU7	OTU21	0.361490	-0.400762	0.702697	1	1	6	0	0.400000	0.429247	0.288560	0.721934	0.066967	-1	0.484857	0.223323	0.774806	0.040769	-1	0.295567	0.222700	0.001087	0.245268	0.000621	1	22
OTU7	OTU10	0.270214	-0.611567	0.725780	1	2	7	-1	0.231000	0.058037	0.891424	0.879802	0.009008	-1	-0.024096	0.954837	0.846881	0.016197	-1	0.192500	0.476334	0.000307	0.674420	0.000311	1	23
OTU7	OTU32	-0.497107	-0.880998	-0.206221	1	1	8	0	0.078000	-0.602006	0.114306	-0.602006	0.114306	0	-0.813253	0.014086	-0.813253	0.014086	0	0.088636	0.122146	0.001570	0.034029	0.000284	1	24
OTU47	OTU192	0.272373	-0.505937	0.698796	1	1	4	0	0.675000	0.320998	0.438195	0.634525	0.125837	-1	0.187882	0.655923	0.522544	0.228878	-1	0.423640	0.293528	0.001673	0.528074	0.002466	2	3
OTU47	OTU23	0.278318	-0.324497	0.634246	1	1	8	0	0.924000	0.185432	0.660203	0.367499	0.417377	1	0.351522	0.393180	0.351522	0.393180	0	0.519101	0.388354	0.003983	0.364411	0.003752	2	4
OTU47	OTU2	0.308901	-0.276564	0.583851	1	2	4	-1	0.736000	0.233185	0.578369	0.406018	0.366102	1	0.240981	0.565348	0.396412	0.378635	1	0.451837	0.361480	0.003576	0.473223	0.003641	2	5
OTU47	OTU22	-0.195671	-0.435387	0.294784	5	4	4	1	0.904000	0.294764	0.478497	-0.528230	0.222931	1	-0.135813	0.748465	-0.236364	0.609851	1	0.513636	0.311493	0.002551	0.583976	0.005524	2	6
OTU47	OTU4	-0.281485	-0.538254	0.311831	1	1	8	0	0.891000	-0.458536	0.253156	-0.458536	0.253156	0	-0.460615	0.250731	-0.460615	0.250731	0	0.512644	0.203689	0.002764	0.266139	0.002645	2	7
OTU47	OTU2771	0.281576	-0.270745	0.659363	1	2	7	-1	0.951000	0.370528	0.366228	0.370528	0.366228	0	0.341463	0.407782	0.341463	0.407782	0	0.525547	0.258916	0.003576	0.374293	0.003862	2	8
OTU47	OTU14	0.273108	-0.384317	0.617024	1	1	8	0	0.881000	0.463717	0.247133	0.463717	0.247133	0	0.442432	0.272338	0.442432	0.272338	0	0.512209	0.199992	0.002722	0.280496	0.002813	2	9
OTU47	OTU537	0.324615	-0.210088	0.611927	1	2	7	-1	0.951000	0.385448	0.345678	0.385448	0.345678	0	0.321218	0.437863	0.454545	0.305521	1	0.525547	0.252057	0.003479	0.393473	0.003045	2	10
OTU47	OTU90	0.360897	-0.370744	0.711005	1	1	8	0	0.628000	0.476128	0.233006	0.476128	0.233006	0	0.603659	0.113050	0.603659	0.113050	0	0.402766	0.194171	0.002636	0.145131	0.001427	2	11
OTU47	OTU41	-0.344627	-0.652396	0.212064	1	1	3	0	0.951000	-0.452945	0.259736	-0.452945	0.259736	0	-0.406068	0.318178	-0.406068	0.318178	0	0.525547	0.207789	0.002798	0.313233	0.003119	2	12
OTU47	OTU5	-0.177748	-0.621072	0.473183	2	3	6	-1	0.756000	0.136288	0.747606	-0.527019	0.224192	-1	0.024243	0.954562	-0.436364	0.327672	-1	0.460931	0.417764	0.002551	0.674420	0.003187	2	13
OTU47	OTU430	0.382808	-0.241098	0.656645	1	2	7	-1	0.426000	0.040059	0.924969	0.873396	0.010220	-1	0.042425	0.920548	0.684712	0.089666	-1	0.305742	0.483734	0.000321	0.665035	0.001180	2	14
OTU47	OTU6	0.300007	-0.237161	0.548767	1	1	8	0	0.920000	0.332843	0.420480	0.448758	0.312499	-1	0.421717	0.298029	0.421717	0.298029	0	0.518797	0.287157	0.003218	0.302463	0.003016	2	15
OTU47	OTU15	0.354493	-0.360325	0.721979	1	1	8	0	0.675000	0.437791	0.277995	0.437791	0.277995	0	0.575768	0.135297	0.575768	0.135297	0	0.423640	0.219041	0.002932	0.161430	0.001642	2	16
OTU47	OTU995	0.262215	-0.315387	0.573288	5	4	4	1	0.984000	0.325842	0.430914	0.351050	0.440071	-1	0.163639	0.698610	0.336364	0.460719	-1	0.534783	0.291439	0.004167	0.553066	0.004235	2	17
OTU47	OTU6096	-0.349148	-0.644256	0.185372	1	1	8	0	0.944000	-0.503262	0.203606	-0.503262	0.203606	0	-0.424250	0.294827	-0.424250	0.294827	0	0.525547	0.179275	0.002412	0.301167	0.002996	2	18
OTU47	OTU1334	-0.236337	-0.429734	0.129424	1	1	8	0	0.829000	-0.420808	0.299182	-0.420808	0.299182	0	-0.469172	0.240872	-0.469172	0.240872	0	0.493452	0.227639	0.003104	0.261518	0.002562	2	19
OTU47	OTU18	0.284147	-0.320849	0.621559	1	2	6	-1	0.828000	0.299838	0.470590	0.515015	0.236864	-1	0.284854	0.494088	0.427273	0.338996	-1	0.493452	0.309497	0.002647	0.430627	0.003285	2	20
OTU47	OTU842	-0.284070	-0.481000	0.150786	1	1	8	0	0.409000	-0.626782	0.096302	-0.626782	0.096302	0	-0.642024	0.086097	-0.642024	0.086097	0	0.300728	0.109612	0.001425	0.116847	0.001139	2	21
OTU47	OTU21	0.325062	-0.340382	0.723734	1	2	4	-1	0.826000	0.228656	0.585979	0.419300	0.349061	-1	0.262195	0.530451	0.381818	0.398002	1	0.493452	0.362996	0.003479	0.449936	0.003783	2	22
OTU47	OTU10	0.008603	-0.656446	0.613936	4	4	2	0	0.493000	-0.429193	0.288627	0.569804	0.181730	-1	-0.406068	0.318178	-0.406068	0.318178	0	0.348821	0.222700	0.002205	0.313233	0.003119	2	23
OTU47	OTU32	0.080339	-0.603741	0.716683	2	3	6	-1	0.721000	-0.027983	0.947558	-0.420674	0.347318	1	-0.200004	0.634874	0.518182	0.233489	-1	0.446901	0.488152	0.003479	0.513302	0.002495	2	24
OTU192	OTU23	0.499314	0.263614	0.860395	1	2	5	-1	0.025000	0.437384	0.278494	0.811812	0.026588	-1	0.572289	0.138229	0.882919	0.008450	-1	0.048077	0.219041	0.000599	0.163128	0.000202	3	4
OTU192	OTU2	0.531781	0.347224	0.794137	1	2	5	-1	0.035000	0.582132	0.130023	0.879978	0.008976	-1	0.658694	0.075690	0.954994	0.000806	-1	0.054688	0.128694	0.000307	0.106526	0.000047	3	5
OTU192	OTU22	-0.216637	-0.518545	0.334547	1	2	7	-1	0.314000	0.219078	0.602182	-0.548725	0.202115	-1	0.000000	1.000000	-0.691861	0.085034	-1	0.242784	0.367087	0.002406	0.690909	0.001139	3	6
OTU192	OTU4	-0.421090	-0.681382	-0.255163	1	1	8	0	0.368000	-0.602130	0.114211	-0.710709	0.073441	-1	-0.590361	0.123376	-0.690909	0.085643	-1	0.274627	0.122146	0.001155	0.152511	0.001139	3	7
OTU192	OTU2771	0.412671	0.195130	0.762303	1	2	7	-1	0.155000	0.309835	0.455167	0.464041	0.294223	-1	0.521222	0.185285	0.709091	0.074401	-1	0.142638	0.303445	0.003082	0.212073	0.001033	3	8
OTU192	OTU14	0.493464	0.225806	0.841433	1	2	5	-1	0.072000	0.256469	0.539791	0.578454	0.173670	-1	0.512048	0.194529	0.745455	0.054441	-1	0.085039	0.343503	0.002140	0.217415	0.000782	3	9
OTU192	OTU537	0.405737	0.164223	0.742797	1	1	8	0	0.352000	0.327552	0.428355	0.481799	0.273602	-1	0.590361	0.123376	0.681818	0.091579	-1	0.265327	0.291115	0.002898	0.152511	0.001199	3	10
OTU192	OTU90	0.165058	-0.413985	0.612355	1	1	4	0	0.959000	0.203609	0.628652	0.338821	0.457240	1	0.187882	0.655923	0.581914	0.170495	1	0.525547	0.377731	0.004297	0.528074	0.001938	3	11
OTU192	OTU41	-0.449087	-0.810024	-0.261672	1	1	8	0	0.198000	-0.676294	0.065545	-0.676294	0.065545	0	-0.590361	0.123376	-0.763636	0.045717	-1	0.173684	0.087393	0.001073	0.152511	0.000684	3	12
OTU192	OTU5	0.264656	-0.467257	0.604956	2	1	6	1	0.631000	-0.052403	0.901924	0.740819	0.056798	1	0.048193	0.909778	0.607143	0.148231	1	0.402766	0.478293	0.001000	0.662682	0.001756	3	13
OTU192	OTU430	0.517622	0.266228	0.850892	1	1	8	0	0.005000	0.768507	0.025879	0.768507	0.025879	0	0.855422	0.006760	0.855422	0.006760	0	0.021429	0.048959	0.000594	0.022935	0.000186	3	14
OTU192	OTU6	0.450746	0.273244	0.729701	1	1	8	0	0.230000	0.597365	0.117874	0.792552	0.033549	-1	0.610789	0.107721	0.666694	0.101920	-1	0.192500	0.123152	0.000717	0.140185	0.001313	3	15
OTU192	OTU15	0.327740	-0.269760	0.668810	1	2	5	-1	0.291000	0.219840	0.600888	0.291480	0.525918	-1	0.536145	0.170760	0.563636	0.187585	-1	0.228534	0.367087	0.004852	0.197832	0.002094	3	16
OTU192	OTU995	0.230276	-0.440028	0.660108	1	2	7	-1	0.378000	0.218959	0.602385	0.218959	0.602385	0	0.096386	0.820393	0.627273	0.131587	-1	0.280693	0.367087	0.005456	0.616106	0.001605	3	17
OTU192	OTU6096	-0.416176	-0.696211	-0.224604	1	1	8	0	0.337000	-0.645616	0.083789	-0.648329	0.115255	-1	-0.626506	0.096493	-0.690909	0.085643	-1	0.256599	0.102050	0.001575	0.128207	0.001139	3	18
OTU192	OTU1334	-0.315829	-0.526348	-0.198244	1	1	8	0	0.257000	-0.645556	0.083827	-0.713162	0.071999	-1	-0.601329	0.114822	-0.804054	0.029283	-1	0.210656	0.102050	0.001146	0.146417	0.000472	3	19
OTU192	OTU18	0.501180	0.276643	0.856785	1	1	7	0	0.091000	0.570162	0.140040	0.570162	0.140040	0	0.716867	0.045376	0.716867	0.045376	0	0.097183	0.133845	0.001814	0.073687	0.000683	3	20
OTU192	OTU842	-0.322199	-0.586189	-0.187655	1	1	8	0	0.305000	-0.624400	0.097956	-0.625314	0.133162	1	-0.576785	0.134446	-0.691861	0.085034	-1	0.238281	0.110596	0.001741	0.161430	0.001139	3	21
OTU192	OTU21	0.501732	0.262506	0.874966	1	2	7	-1	0.036000	0.638588	0.088340	0.939608	0.001666	-1	0.678800	0.064170	0.981818	0.000085	-1	0.055670	0.104810	0.000100	0.093786	0.000009	3	22
OTU192	OTU10	0.265486	-0.599041	0.795740	1	2	5	-1	0.216000	0.210324	0.617119	0.693336	0.084094	-1	0.072289	0.864929	0.690909	0.085643	-1	0.184091	0.372399	0.001282	0.641940	0.001139	3	23
OTU192	OTU32	-0.192657	-0.621646	0.497938	2	1	6	1	0.664000	0.047996	0.910146	-0.693753	0.083829	1	-0.114458	0.787259	-0.630656	0.128888	1	0.418487	0.480832	0.001282	0.603142	0.001587	3	24
OTU23	OTU2	0.627645	0.434619	0.918004	1	1	8	0	0.000000	0.955352	0.000215	0.955352	0.000215	0	0.970077	0.000065	0.970077	0.000065	0	0.000000	0.003012	0.000034	0.001465	0.000008	4	5
OTU23	OTU22	-0.427968	-0.647573	-0.289347	1	2	7	-1	0.005000	-0.608447	0.109456	-0.741079	0.056665	-1	-0.650417	0.080760	-0.897549	0.006102	-1	0.021429	0.119717	0.001000	0.110747	0.000171	4	6
OTU23	OTU4	-0.553688	-0.872481	-0.363263	1	2	7	-1	0.075000	-0.847907	0.007823	-0.866984	0.011522	-1	-0.783133	0.021531	-0.981818	0.000085	-1	0.087692	0.025470	0.000347	0.042614	0.000009	4	7
OTU23	OTU2771	0.559389	0.297440	0.956526	1	2	7	-1	0.009000	0.706702	0.050015	0.982575	0.000076	-1	0.800015	0.017116	0.936364	0.001896	-1	0.029348	0.076001	0.000021	0.038260	0.000078	4	8
OTU23	OTU14	0.641967	0.363742	0.993404	1	1	8	0	0.006000	0.841714	0.008775	0.969885	0.000297	-1	0.933735	0.000692	0.936364	0.001896	-1	0.023077	0.027920	0.000041	0.005989	0.000078	4	9
OTU23	OTU537	0.534128	0.285969	0.943686	1	1	8	0	0.062000	0.677604	0.064824	0.961464	0.000548	-1	0.813253	0.014086	0.881818	0.008645	-1	0.077459	0.087263	0.000053	0.034029	0.000202	4	10
OTU23	OTU90	0.449216	0.227389	0.817822	1	2	7	-1	0.136000	0.586262	0.126662	0.957654	0.000693	-1	0.587890	0.125352	0.733976	0.060378	-1	0.128302	0.127574	0.000058	0.152672	0.000853	4	11
OTU23	OTU41	-0.548859	-0.858494	-0.299823	1	1	8	0	0.006000	-0.690032	0.058219	-0.753930	0.050270	1	-0.927711	0.000894	-0.927711	0.000894	0	0.023077	0.082330	0.000924	0.007077	0.000047	4	12
OTU23	OTU5	-0.349698	-0.759400	0.465112	2	3	6	-1	0.031000	-0.213258	0.612099	-0.588183	0.164819	-1	-0.156627	0.711093	-0.800000	0.030749	-1	0.051667	0.370969	0.002081	0.560613	0.000477	4	13
OTU23	OTU430	0.513120	0.301360	0.835116	2	1	7	1	0.055000	0.654182	0.078430	0.663872	0.103914	1	0.765060	0.026976	0.882919	0.008450	1	0.072368	0.098037	0.001451	0.048712	0.000202	4	14
OTU23	OTU6	0.575299	0.365748	0.871203	1	1	8	0	0.052000	0.907880	0.001822	0.907880	0.001822	0	0.838338	0.009323	0.936975	0.001851	-1	0.071560	0.010444	0.000101	0.027252	0.000078	4	15
OTU23	OTU15	0.541206	0.298598	0.913305	1	2	7	-1	0.012000	0.714987	0.046214	0.965147	0.000427	-1	0.813253	0.014086	0.918182	0.003518	-1	0.033051	0.072695	0.000046	0.034029	0.000109	4	16
OTU23	OTU995	0.556648	0.307805	0.920924	1	2	7	-1	0.003000	0.539205	0.167860	0.937519	0.001812	-1	0.584337	0.128222	0.936364	0.001896	-1	0.014516	0.153598	0.000101	0.155174	0.000078	4	17
OTU23	OTU6096	-0.539048	-0.927078	-0.301188	1	1	8	0	0.101000	-0.810395	0.014709	-0.862885	0.012402	-1	-0.819277	0.012829	-0.927273	0.002634	-1	0.103061	0.039602	0.000369	0.033057	0.000091	4	18
OTU23	OTU1334	-0.427105	-0.628627	-0.273558	1	1	8	0	0.018000	-0.667630	0.070431	-0.741133	0.056637	1	-0.883585	0.003608	-0.897549	0.006102	-1	0.039706	0.091836	0.001000	0.015942	0.000171	4	19
OTU23	OTU18	0.571127	0.336687	0.878515	1	1	7	0	0.020000	0.834128	0.010037	0.834128	0.010037	0	0.849398	0.007604	0.849398	0.007604	0	0.041667	0.029898	0.000321	0.024910	0.000196	4	20
OTU23	OTU842	-0.414200	-0.673137	-0.247344	1	1	8	0	0.034000	-0.743628	0.034442	-0.831175	0.020493	-1	-0.834497	0.009973	-0.841452	0.017617	-1	0.053684	0.058220	0.000524	0.028710	0.000331	4	21
OTU23	OTU21	0.555001	0.268348	0.969460	1	1	8	0	0.007000	0.925659	0.000971	0.925659	0.000971	0	0.939411	0.000531	0.939411	0.000531	0	0.025610	0.006177	0.000071	0.005311	0.000038	4	22
OTU23	OTU10	0.380384	0.186603	0.682894	1	2	6	-1	0.566000	0.498236	0.208896	0.498236	0.208896	0	0.373494	0.362100	0.581818	0.170583	-1	0.385909	0.182784	0.002443	0.349011	0.001938	4	23
OTU23	OTU32	-0.032449	-0.662887	0.653924	2	1	6	1	0.608000	-0.146000	0.730115	-0.554563	0.196364	1	-0.277108	0.506408	-0.612637	0.143589	1	0.400000	0.413830	0.002372	0.437352	0.001734	4	24
OTU2	OTU22	-0.420677	-0.541895	-0.317470	1	2	7	-1	0.017000	-0.430341	0.287196	-0.668558	0.100615	-1	-0.536745	0.170189	-0.852437	0.014814	-1	0.039231	0.222700	0.001432	0.197832	0.000292	5	6
OTU2	OTU4	-0.573761	-0.695860	-0.476700	1	2	7	-1	0.089000	-0.817502	0.013192	-0.942417	0.001481	-1	-0.730552	0.039556	-0.936975	0.001851	-1	0.096739	0.036212	0.000097	0.067103	0.000078	5	7
OTU2	OTU2771	0.577878	0.388782	0.850962	1	2	7	-1	0.020000	0.599742	0.116038	0.930433	0.002361	-1	0.722944	0.042732	0.882919	0.008450	-1	0.041667	0.122146	0.000109	0.070600	0.000202	5	8
OTU2	OTU14	0.678283	0.451160	0.950754	1	2	7	-1	0.000000	0.743816	0.034371	0.985713	0.000046	-1	0.838338	0.009323	0.991031	0.000015	-1	0.000000	0.058220	0.000017	0.027252	0.000002	5	9
OTU2	OTU537	0.543118	0.342642	0.823843	1	1	8	0	0.092000	0.603756	0.112975	0.898516	0.005962	-1	0.778457	0.022867	0.828862	0.021174	-1	0.097183	0.122146	0.000219	0.043887	0.000378	5	10
OTU2	OTU90	0.459102	0.284721	0.711068	1	2	7	-1	0.164000	0.472418	0.237184	0.872340	0.010429	-1	0.445815	0.268250	0.727393	0.063935	-1	0.147305	0.195328	0.000321	0.278511	0.000893	5	11
OTU2	OTU41	-0.556539	-0.775963	-0.341305	1	1	8	0	0.026000	-0.781699	0.021936	-0.831003	0.020543	-1	-0.886243	0.003373	-0.954994	0.000806	-1	0.048750	0.046531	0.000524	0.015942	0.000047	5	12
OTU2	OTU5	-0.315399	-0.659697	0.441074	2	3	6	-1	0.139000	0.006878	0.987105	-0.546296	0.204531	-1	-0.011976	0.977547	-0.612637	0.143589	-1	0.129503	0.500705	0.002412	0.680344	0.001734	5	13
OTU2	OTU430	0.503505	0.334059	0.736467	1	1	8	0	0.046000	0.666913	0.070845	0.671909	0.098289	1	0.826362	0.011443	0.846881	0.016197	1	0.066990	0.091836	0.001432	0.031059	0.000311	5	14
OTU2	OTU6	0.588549	0.464722	0.734551	1	1	8	0	0.128000	0.892187	0.002885	0.929115	0.002473	-1	0.785714	0.020815	0.928571	0.002519	-1	0.123077	0.012824	0.000110	0.042073	0.000091	5	15
OTU2	OTU15	0.579111	0.367108	0.789532	1	2	7	-1	0.006000	0.569580	0.140537	0.934975	0.001999	-1	0.694623	0.055885	0.918956	0.003437	-1	0.023077	0.133845	0.000101	0.084271	0.000109	5	16
OTU2	OTU995	0.572582	0.387275	0.854079	1	2	7	-1	0.022000	0.394051	0.334075	0.836552	0.018957	-1	0.467074	0.243270	0.828862	0.021174	-1	0.044595	0.246160	0.000499	0.262045	0.000378	5	17
OTU2	OTU6096	-0.546070	-0.790071	-0.362141	1	2	7	-1	0.137000	-0.836350	0.009656	-0.930543	0.002352	-1	-0.778457	0.022867	-0.900937	0.005621	-1	0.128438	0.029388	0.000109	0.043887	0.000165	5	18
OTU2	OTU1334	-0.449137	-0.565989	-0.387557	1	1	8	0	0.027000	-0.763878	0.027358	-0.827401	0.021611	-1	-0.853913	0.006965	-0.926562	0.002697	-1	0.049390	0.050397	0.000543	0.023218	0.000091	5	19
OTU2	OTU18	0.565352	0.381764	0.817018	1	1	7	0	0.048000	0.762104	0.027939	0.778078	0.039379	-1	0.838338	0.009323	0.838338	0.009323	0	0.068571	0.050799	0.000794	0.027252	0.000214	5	20
OTU2	OTU842	-0.428124	-0.597632	-0.323839	1	1	8	0	0.062000	-0.795685	0.018189	-0.907328	0.004774	-1	-0.780720	0.022215	-0.889499	0.007339	-1	0.077459	0.042076	0.000189	0.043069	0.000191	5	21
OTU2	OTU21	0.581879	0.330226	0.913149	1	1	8	0	0.000000	0.967526	0.000084	0.967526	0.000084	0	0.988024	0.000004	0.988024	0.000004	0	0.000000	0.002099	0.000021	0.000404	0.000002	5	22
OTU2	OTU10	0.368037	-0.291976	0.619098	1	2	6	-1	0.658000	0.410220	0.312772	0.410220	0.312772	0	0.359288	0.382065	0.630656	0.128888	-1	0.417089	0.235419	0.003218	0.357597	0.001587	5	23
OTU2	OTU32	-0.130528	-0.601033	0.547266	1	1	6	0	0.732000	-0.247536	0.554480	-0.624634	0.133712	1	-0.371264	0.365202	-0.540562	0.210289	1	0.451837	0.349672	0.001741	0.349011	0.002296	5	24
OTU22	OTU4	0.406412	0.323839	0.522480	2	1	7	1	0.206000	0.476899	0.232142	0.827022	0.021725	1	0.662689	0.073312	0.852437	0.014814	1	0.178613	0.194171	0.000543	0.103949	0.000292	6	7
OTU22	OTU2771	-0.399466	-0.622175	-0.256281	2	2	7	0	0.042000	-0.686266	0.060176	-0.686266	0.060176	0	-0.827224	0.011281	-0.943564	0.001410	1	0.063636	0.082710	0.001018	0.031059	0.000063	6	8
OTU22	OTU14	-0.448285	-0.646635	-0.286165	2	1	7	1	0.007000	-0.670279	0.068915	-0.670279	0.068915	0	-0.773137	0.024449	-0.953646	0.000867	1	0.025610	0.091020	0.001112	0.045541	0.000047	6	9
OTU22	OTU537	-0.377097	-0.593001	-0.247269	2	2	7	0	0.121000	-0.658571	0.075764	-0.658571	0.075764	0	-0.699505	0.053465	-0.804054	0.029283	1	0.119408	0.096426	0.001176	0.081923	0.000472	6	10
OTU22	OTU90	-0.374147	-0.626519	-0.232560	4	5	4	-1	0.268000	-0.579602	0.132105	-0.736588	0.058998	-1	-0.592638	0.121572	-0.697277	0.081610	-1	0.214973	0.129334	0.001018	0.152511	0.001115	6	11
OTU22	OTU41	0.353352	-0.193297	0.546027	2	1	7	1	0.056000	0.142260	0.736839	0.401895	0.371461	1	0.601329	0.114822	0.815374	0.025399	1	0.073043	0.414287	0.003603	0.146417	0.000426	6	12
OTU22	OTU5	0.336422	0.195694	0.489471	1	1	8	0	0.117000	0.493415	0.214037	0.609161	0.146517	1	0.711777	0.047665	0.745455	0.054441	-1	0.117000	0.186119	0.001869	0.076104	0.000782	6	13
OTU22	OTU430	-0.331167	-0.522480	-0.195665	2	1	7	1	0.123000	-0.399960	0.326212	-0.609639	0.146113	1	-0.441793	0.273114	-0.841452	0.017617	1	0.119805	0.241639	0.001869	0.280496	0.000331	6	14
OTU22	OTU6	-0.382841	-0.515605	-0.293898	2	1	7	1	0.161000	-0.566816	0.142913	-0.763774	0.045654	1	-0.634335	0.091163	-0.815374	0.025399	1	0.145482	0.135188	0.000878	0.121978	0.000426	6	15
OTU22	OTU15	-0.378325	-0.564340	-0.239152	2	1	7	1	0.052000	-0.619498	0.101412	-0.657231	0.108685	-1	-0.699505	0.053465	-0.878850	0.009183	1	0.071560	0.112680	0.001504	0.081923	0.000213	6	16
OTU22	OTU995	-0.436210	-0.646592	-0.297073	1	1	8	0	0.000000	-0.637280	0.089203	-0.668222	0.100849	-1	-0.969489	0.000069	-0.969489	0.000069	0	0.000000	0.104944	0.001432	0.001465	0.000008	6	17
OTU22	OTU6096	0.373498	0.223513	0.560966	2	1	7	1	0.239000	0.387168	0.343343	0.606089	0.149130	1	0.638145	0.088632	0.815374	0.025399	1	0.198066	0.251665	0.001893	0.119433	0.000426	6	18
OTU22	OTU1334	0.287641	0.222072	0.377098	2	1	7	1	0.129000	0.176347	0.676140	0.354613	0.435117	1	0.650000	0.081020	0.822753	0.023034	1	0.123248	0.393154	0.004136	0.110747	0.000397	6	19
OTU22	OTU18	-0.427430	-0.612150	-0.281694	2	1	7	1	0.018000	-0.337804	0.413152	-0.690430	0.085951	1	-0.355888	0.386913	-0.841452	0.017617	1	0.039706	0.284808	0.001302	0.360360	0.000331	6	20
OTU22	OTU842	0.273041	0.194117	0.377098	2	1	7	1	0.202000	0.253506	0.544649	0.526703	0.224521	1	0.575000	0.135941	0.747958	0.053190	1	0.176163	0.345026	0.002551	0.161430	0.000769	6	21
OTU22	OTU21	-0.375865	-0.588468	-0.174522	2	1	7	1	0.057000	-0.479701	0.229017	-0.732976	0.060912	1	-0.518558	0.187945	-0.841452	0.017617	1	0.073707	0.193147	0.001018	0.213107	0.000331	6	22
OTU22	OTU10	-0.380485	-0.565213	-0.258849	3	2	6	1	0.178000	-0.369238	0.368031	-0.736031	0.059291	1	-0.466337	0.244116	-0.635764	0.124867	1	0.157988	0.258916	0.001018	0.262045	0.001553	6	23
OTU22	OTU32	-0.193189	-0.493795	0.337117	1	2	7	-1	0.624000	-0.336545	0.415006	-0.415969	0.353303	-1	-0.343616	0.404637	-0.609091	0.146577	-1	0.402766	0.284808	0.003491	0.373209	0.001753	6	24
OTU4	OTU2771	-0.602144	-0.967796	-0.392037	1	1	8	0	0.010000	-0.869366	0.005041	-0.953362	0.000880	-1	-0.884865	0.003494	-0.936975	0.001851	-1	0.031250	0.018574	0.000067	0.015942	0.000078	7	8
OTU4	OTU14	-0.622562	-0.831637	-0.432815	1	1	8	0	0.028000	-0.890450	0.003023	-0.900696	0.005654	-1	-0.879518	0.003987	-0.927273	0.002634	1	0.050000	0.012824	0.000213	0.016752	0.000091	7	9
OTU4	OTU537	-0.584138	-0.849735	-0.386562	1	1	8	0	0.002000	-0.857433	0.006492	-0.955256	0.000794	-1	-0.903614	0.002080	-0.991031	0.000015	-1	0.011111	0.022167	0.000062	0.012349	0.000002	7	10
OTU4	OTU90	-0.490321	-0.718745	-0.335657	1	1	8	0	0.089000	-0.758413	0.029172	-0.879315	0.009097	-1	-0.690922	0.057762	-0.800132	0.030701	-1	0.096739	0.052359	0.000307	0.086415	0.000477	7	11
OTU4	OTU41	0.572318	0.327837	0.806357	1	1	8	0	0.005000	0.808931	0.015035	0.808931	0.015035	0	0.909639	0.001722	0.954994	0.000806	1	0.021429	0.039716	0.000422	0.010905	0.000047	7	12
OTU4	OTU5	0.421424	-0.252936	0.629532	3	3	6	0	0.083000	0.348632	0.397352	0.514910	0.236976	-1	0.469880	0.240065	0.558581	0.192453	-1	0.091544	0.275851	0.002647	0.261518	0.002129	7	13
OTU4	OTU430	-0.541925	-0.785220	-0.359604	1	1	8	0	0.044000	-0.783237	0.021502	-0.783610	0.037089	1	-0.807229	0.015419	-0.872727	0.010352	1	0.065347	0.046524	0.000766	0.035901	0.000231	7	14
OTU4	OTU6	-0.637921	-0.781280	-0.520104	1	1	8	0	0.000000	-0.969226	0.000071	-0.969226	0.000071	0	-0.970077	0.000065	-0.970077	0.000065	0	0.000000	0.002099	0.000021	0.001465	0.000008	7	15
OTU4	OTU15	-0.579709	-0.814202	-0.374578	1	1	8	0	0.013000	-0.804911	0.015952	-0.871804	0.010535	-1	-0.891566	0.002934	-0.891566	0.002934	0	0.033051	0.041358	0.000321	0.015065	0.000097	7	16
OTU4	OTU995	-0.538015	-0.851452	-0.335588	1	2	7	-1	0.058000	-0.742324	0.034932	-0.885310	0.008036	-1	-0.710843	0.048092	-0.882919	0.008450	-1	0.074359	0.058220	0.000287	0.076146	0.000202	7	17
OTU4	OTU6096	0.659366	0.408618	0.934216	1	1	8	0	0.000000	0.944422	0.000411	0.944422	0.000411	0	0.975904	0.000034	0.975904	0.000034	0	0.000000	0.004115	0.000046	0.001214	0.000005	7	18
OTU4	OTU1334	0.489314	0.417667	0.608340	1	1	8	0	0.001000	0.798689	0.017441	0.821823	0.023325	-1	0.957217	0.000190	0.963636	0.000475	1	0.007895	0.042076	0.000554	0.002770	0.000035	7	19
OTU4	OTU18	-0.584031	-0.807429	-0.412476	1	1	7	0	0.017000	-0.772732	0.024572	-0.810299	0.027102	1	-0.783133	0.021531	-0.872727	0.010352	1	0.039231	0.048451	0.000605	0.042614	0.000231	7	20
OTU4	OTU842	0.487084	0.374578	0.625320	1	1	8	0	0.000000	0.905888	0.001940	0.905888	0.001940	0	0.932673	0.000725	0.932673	0.000725	0	0.000000	0.010444	0.000101	0.005989	0.000047	7	21
OTU4	OTU21	-0.526063	-0.821879	-0.295882	2	1	7	1	0.118000	-0.891410	0.002946	-0.909004	0.004566	1	-0.763650	0.027433	-0.927273	0.002634	1	0.117219	0.012824	0.000189	0.048712	0.000091	7	22
OTU4	OTU10	-0.298627	-0.533092	0.254167	2	2	6	0	0.916000	-0.218556	0.603071	-0.308651	0.500615	1	-0.090361	0.831492	-0.306319	0.504027	-1	0.518491	0.367087	0.004635	0.621982	0.004582	7	23
OTU4	OTU32	-0.158001	-0.610049	0.530827	2	3	6	-1	0.587000	-0.197454	0.639285	-0.496701	0.256820	-1	-0.114458	0.787259	0.445455	0.316513	1	0.394843	0.380612	0.002792	0.603142	0.003119	7	24
OTU2771	OTU14	0.607689	0.348329	0.934216	1	1	8	0	0.012000	0.937968	0.000569	0.941839	0.001518	1	0.921229	0.001151	0.921229	0.001151	0	0.033051	0.004568	0.000097	0.008351	0.000059	8	9
OTU2771	OTU537	0.566172	0.310965	0.991416	1	1	8	0	0.002000	0.989862	0.000003	0.989862	0.000003	0	0.921229	0.001151	0.981818	0.000085	1	0.011111	0.000181	0.000004	0.008351	0.000009	8	10
OTU2771	OTU90	0.459948	0.256226	0.827382	1	1	8	0	0.125000	0.956342	0.000201	0.956342	0.000201	0	0.701220	0.052631	0.701220	0.052631	0	0.120968	0.003012	0.000034	0.081300	0.000765	8	11
OTU2771	OTU41	-0.550141	-0.878338	-0.270562	2	1	7	1	0.002000	-0.589920	0.123728	-0.754313	0.050086	1	-0.787893	0.020222	-0.991031	0.000015	1	0.011111	0.126437	0.000924	0.041763	0.000002	8	12
OTU2771	OTU5	-0.425302	-0.759010	-0.179328	3	3	6	0	0.089000	-0.468548	0.241584	-0.671270	0.098730	-1	-0.618193	0.102344	-0.862422	0.012504	-1	0.096739	0.197788	0.001432	0.135037	0.000263	8	13
OTU2771	OTU430	0.491760	0.288656	0.830989	2	1	7	1	0.080000	0.713714	0.046786	0.731909	0.061483	1	0.775772	0.023657	0.890909	0.007113	1	0.089552	0.072711	0.001018	0.044504	0.000191	8	14
OTU2771	OTU6	0.575218	0.378858	0.890839	2	1	7	1	0.008000	0.874872	0.004450	0.985423	0.000049	1	0.867533	0.005249	0.991031	0.000015	1	0.027907	0.017028	0.000017	0.019206	0.000002	8	15
OTU2771	OTU15	0.533318	0.288245	0.894269	1	1	8	0	0.002000	0.940522	0.000503	0.940522	0.000503	0	0.933350	0.000704	0.933350	0.000704	0	0.011111	0.004568	0.000050	0.005989	0.000047	8	16
OTU2771	OTU995	0.535987	0.287057	0.910748	2	2	7	0	0.012000	0.960189	0.000153	0.968724	0.000327	-1	0.884865	0.003494	0.990867	0.000015	-1	0.033051	0.002679	0.000042	0.015942	0.000002	8	17
OTU2771	OTU6096	-0.579150	-0.994168	-0.303901	1	1	8	0	0.012000	-0.849576	0.007578	-0.934680	0.002022	1	-0.884865	0.003494	-0.991031	0.000015	1	0.033051	0.025260	0.000101	0.015942	0.000002	8	18
OTU2771	OTU1334	-0.432677	-0.647111	-0.305668	2	1	7	1	0.025000	-0.600419	0.115519	-0.733466	0.060650	1	-0.864263	0.005633	-0.981818	0.000085	1	0.048077	0.122146	0.001018	0.020194	0.000009	8	19
OTU2771	OTU18	0.563392	0.331179	0.920924	2	1	7	1	0.001000	0.656180	0.077209	0.901943	0.005482	1	0.618193	0.102344	0.936364	0.001896	1	0.007895	0.097381	0.000212	0.135037	0.000078	8	20
OTU2771	OTU842	-0.421587	-0.675470	-0.276294	2	1	7	1	0.027000	-0.774559	0.024020	-0.860107	0.013019	1	-0.827224	0.011281	-0.945455	0.001296	1	0.049390	0.048039	0.000370	0.031059	0.000063	8	21
OTU2771	OTU21	0.512989	0.249064	0.934188	2	1	7	1	0.017000	0.686105	0.060260	0.908170	0.004669	1	0.719512	0.044213	0.890909	0.007113	1	0.039231	0.082710	0.000189	0.072418	0.000191	8	22
OTU2771	OTU10	0.335015	0.167918	0.633410	2	2	6	0	0.584000	0.052969	0.900869	0.424836	0.342060	1	0.303036	0.465634	0.458735	0.300513	-1	0.394595	0.478293	0.003475	0.411491	0.003029	8	23
OTU2771	OTU32	0.180949	-0.576894	0.720471	2	3	6	-1	0.590000	0.484155	0.224094	0.825158	0.022291	-1	0.309097	0.456300	0.578006	0.174082	-1	0.395089	0.192163	0.000549	0.405126	0.001960	8	24
OTU14	OTU537	0.589365	0.334113	0.943355	1	1	8	0	0.044000	0.920843	0.001168	0.920843	0.001168	0	0.861446	0.005978	0.890909	0.007113	-1	0.065347	0.007107	0.000079	0.021033	0.000191	9	10
OTU14	OTU90	0.488767	0.292128	0.787661	1	1	8	0	0.152000	0.897388	0.002497	0.939485	0.001675	-1	0.715165	0.046134	0.715165	0.046134	0	0.140741	0.011655	0.000100	0.074283	0.000687	9	11
OTU14	OTU41	-0.595303	-0.887139	-0.355692	1	1	8	0	0.016000	-0.635817	0.090173	-0.758232	0.048223	1	-0.915663	0.001406	-0.915663	0.001406	0	0.038095	0.105202	0.000907	0.009544	0.000063	9	12
OTU14	OTU5	-0.514915	-0.777949	-0.203210	2	3	6	-1	0.017000	-0.322935	0.435278	-0.711625	0.072901	-1	-0.457831	0.253980	-0.836364	0.019010	-1	0.039231	0.292975	0.001153	0.266609	0.000349	9	13
OTU14	OTU430	0.547790	0.302534	0.833709	2	1	7	1	0.063000	0.576962	0.134298	0.808662	0.027665	1	0.728916	0.040226	0.890909	0.007113	1	0.077459	0.130568	0.000612	0.067637	0.000191	9	14
OTU14	OTU6	0.618858	0.406019	0.889910	1	1	8	0	0.036000	0.897743	0.002472	0.972918	0.000228	1	0.898220	0.002439	0.898220	0.002439	0	0.055670	0.011655	0.000034	0.014042	0.000091	9	15
OTU14	OTU15	0.597727	0.358263	0.928580	1	1	8	0	0.000000	0.934397	0.000672	0.934397	0.000672	0	0.951807	0.000270	0.951807	0.000270	0	0.000000	0.004701	0.000058	0.003264	0.000024	9	16
OTU14	OTU995	0.595600	0.320252	0.875418	1	2	7	-1	0.001000	0.838086	0.009365	0.994465	0.000004	-1	0.765060	0.026976	1.000000	0.000000	-1	0.007895	0.029135	0.000004	0.048712	0.000000	9	17
OTU14	OTU6096	-0.600338	-0.916042	-0.348815	1	1	8	0	0.048000	-0.863672	0.005704	-0.882634	0.008501	1	-0.879518	0.003987	-0.882919	0.008450	1	0.068571	0.019965	0.000299	0.016752	0.000202	9	18
OTU14	OTU1334	-0.464112	-0.653829	-0.307590	1	1	8	0	0.043000	-0.631739	0.092911	-0.750855	0.051762	1	-0.895857	0.002608	-0.927273	0.002634	1	0.064500	0.106619	0.000945	0.014157	0.000091	9	19
OTU14	OTU18	0.600734	0.356100	0.921440	1	1	7	0	0.033000	0.718671	0.044581	0.785196	0.036447	1	0.807229	0.015419	0.827273	0.021649	1	0.053226	0.071739	0.000766	0.035901	0.000381	9	20
OTU14	OTU842	-0.461478	-0.653829	-0.300575	1	1	8	0	0.065000	-0.820752	0.012532	-0.820752	0.012532	0	-0.871313	0.004827	-0.871313	0.004827	0	0.079268	0.035767	0.000369	0.018716	0.000144	9	21
OTU14	OTU21	0.590926	0.300575	0.937955	2	1	7	1	0.000000	0.768939	0.025743	0.990533	0.000017	1	0.806075	0.015683	1.000000	0.000000	1	0.000000	0.048959	0.000010	0.035901	0.000000	9	22
OTU14	OTU10	0.400907	0.186577	0.675797	1	2	3	-1	0.542000	0.127429	0.763645	0.551833	0.199043	1	0.361446	0.379001	0.509091	0.243237	-1	0.374654	0.422570	0.002392	0.356486	0.002577	9	23
OTU14	OTU32	0.139140	-0.623001	0.722453	2	3	6	-1	0.342000	0.196116	0.641603	0.732464	0.061185	-1	0.030120	0.943558	-0.609091	0.146577	1	0.259091	0.380612	0.001018	0.673970	0.001753	9	24
OTU537	OTU90	0.511444	0.290978	0.850603	1	1	8	0	0.048000	0.946820	0.000361	0.946820	0.000361	0	0.787893	0.020222	0.787893	0.020222	0	0.068571	0.003889	0.000043	0.041763	0.000364	10	11
OTU537	OTU41	-0.563315	-0.899942	-0.317952	2	1	7	1	0.014000	-0.620443	0.100740	-0.784428	0.036757	1	-0.867470	0.005256	-0.991031	0.000015	1	0.033871	0.112680	0.000766	0.019206	0.000002	10	12
OTU537	OTU5	-0.374957	-0.689089	0.337179	2	3	6	-1	0.157000	-0.375980	0.358656	-0.688843	0.086973	-1	-0.385542	0.345549	-0.709091	0.074401	-1	0.142727	0.256979	0.001310	0.336689	0.001033	10	13
OTU537	OTU430	0.527368	0.298755	0.871480	1	1	8	0	0.025000	0.715443	0.046010	0.774376	0.040954	1	0.843373	0.008513	0.863636	0.012238	1	0.048077	0.072695	0.000806	0.026515	0.000262	10	14
OTU537	OTU6	0.590337	0.376537	0.870857	1	1	8	0	0.005000	0.874383	0.004500	0.972792	0.000231	1	0.946125	0.000375	0.991031	0.000015	1	0.021429	0.017028	0.000034	0.004195	0.000002	10	15
OTU537	OTU15	0.542470	0.320252	0.857831	1	1	8	0	0.012000	0.900841	0.002260	0.900841	0.002260	0	0.873494	0.004593	0.945455	0.001296	-1	0.033051	0.011299	0.000109	0.018182	0.000063	10	16
OTU537	OTU995	0.495357	0.278062	0.863489	2	2	7	0	0.062000	0.936150	0.000620	0.979561	0.000113	-1	0.734940	0.037791	0.900000	0.005752	-1	0.077459	0.004568	0.000022	0.064688	0.000167	10	17
OTU537	OTU6096	-0.606496	-0.984840	-0.331345	1	1	8	0	0.001000	-0.867871	0.005210	-0.936830	0.001862	1	-0.963855	0.000115	-0.991031	0.000015	1	0.007895	0.018704	0.000101	0.002183	0.000002	10	18
OTU537	OTU1334	-0.460587	-0.700655	-0.312966	1	1	8	0	0.001000	-0.640354	0.087183	-0.762774	0.046112	1	-0.944945	0.000400	-0.981818	0.000085	1	0.007895	0.104322	0.000880	0.004224	0.000009	10	19
OTU537	OTU18	0.562319	0.325883	0.924979	2	1	7	1	0.002000	0.592704	0.121520	0.938142	0.001768	1	0.668675	0.069831	0.963636	0.000475	1	0.011111	0.125094	0.000101	0.099759	0.000035	10	20
OTU537	OTU842	-0.451520	-0.667058	-0.295810	1	1	8	0	0.009000	-0.801594	0.016735	-0.860311	0.012974	1	-0.908129	0.001807	-0.945455	0.001296	1	0.029348	0.042076	0.000370	0.011078	0.000063	10	21
OTU537	OTU21	0.523308	0.278243	0.867912	2	1	7	1	0.076000	0.697551	0.054426	0.877455	0.009442	1	0.787893	0.020222	0.863636	0.012238	1	0.087692	0.080207	0.000315	0.041763	0.000262	10	22
OTU537	OTU10	0.293667	-0.312060	0.582050	1	2	3	-1	0.864000	-0.027529	0.948410	0.401609	0.371834	1	0.048193	0.909778	0.363636	0.422664	-1	0.506250	0.488152	0.003603	0.662682	0.003972	10	23
OTU537	OTU32	0.147113	-0.592351	0.684134	2	1	6	1	0.620000	0.488150	0.219726	0.778111	0.039365	-1	0.084337	0.842616	0.454545	0.305521	-1	0.402597	0.189887	0.000794	0.627831	0.003045	10	24
OTU90	OTU41	-0.477935	-0.803159	-0.227788	2	1	7	1	0.091000	-0.557737	0.150874	-0.679662	0.093018	1	-0.684861	0.060916	-0.800132	0.030701	1	0.097183	0.140449	0.001392	0.090422	0.000477	11	12
OTU90	OTU5	-0.417392	-0.693891	-0.220192	2	3	6	-1	0.078000	-0.348174	0.398014	-0.656979	0.108868	-1	-0.327279	0.428763	-0.752325	0.051046	-1	0.088636	0.275851	0.001504	0.389785	0.000751	11	13
OTU90	OTU430	0.404633	0.199586	0.677201	2	1	7	1	0.617000	0.581511	0.130533	0.701092	0.079243	-1	0.369704	0.367380	0.660578	0.106266	1	0.402391	0.128694	0.001223	0.349011	0.001362	11	14
OTU90	OTU6	0.492352	0.309618	0.738561	1	1	8	0	0.121000	0.752944	0.031059	0.917778	0.003561	1	0.771140	0.025059	0.800132	0.030701	1	0.119408	0.055041	0.000151	0.046225	0.000477	11	15
OTU90	OTU15	0.510207	0.297931	0.827432	1	1	8	0	0.062000	0.964938	0.000105	0.964938	0.000105	0	0.812136	0.014328	0.812136	0.014328	0	0.077459	0.002099	0.000022	0.034029	0.000284	11	16
OTU90	OTU995	0.471563	0.260535	0.866652	1	2	7	-1	0.453000	0.966476	0.000092	0.966476	0.000092	0	0.606072	0.111230	0.642229	0.119872	1	0.322038	0.002099	0.000021	0.143767	0.001506	11	17
OTU90	OTU6096	-0.529976	-0.897585	-0.255618	1	1	8	0	0.096000	-0.794578	0.018470	-0.839360	0.018182	1	-0.763650	0.027433	-0.800132	0.030701	1	0.100699	0.042076	0.000489	0.048712	0.000477	11	18
OTU90	OTU1334	-0.380023	-0.591501	-0.256894	2	1	7	1	0.156000	-0.563960	0.145392	-0.676629	0.095062	1	-0.740797	0.035512	-0.825723	0.022118	1	0.142683	0.136610	0.001415	0.061339	0.000387	11	19
OTU90	OTU18	0.451704	0.234334	0.780919	2	1	7	1	0.282000	0.633050	0.092025	0.779400	0.038825	1	0.412129	0.310300	0.733976	0.060378	1	0.223810	0.106476	0.000794	0.310300	0.000853	11	20
OTU90	OTU842	-0.390303	-0.597567	-0.247269	1	1	8	0	0.098000	-0.749894	0.032143	-0.767394	0.044017	1	-0.814877	0.013740	-0.814877	0.013740	0	0.101379	0.056250	0.000853	0.034029	0.000282	11	21
OTU90	OTU21	0.416022	0.159750	0.756255	2	1	7	1	0.176000	0.519703	0.186799	0.848451	0.015799	1	0.420732	0.299279	0.770675	0.042563	1	0.157143	0.166572	0.000439	0.302463	0.000645	11	22
OTU90	OTU10	0.225959	-0.460271	0.645645	5	4	4	1	0.877000	-0.158865	0.707103	0.389235	0.388111	1	-0.278793	0.503718	-0.278793	0.503718	0	0.511868	0.405715	0.003746	0.437016	0.004582	11	23
OTU90	OTU32	0.291702	-0.563543	0.747755	2	3	6	-1	0.052000	0.428486	0.289510	0.931864	0.002243	-1	0.042425	0.920548	0.825723	0.022118	-1	0.071560	0.222700	0.000109	0.665035	0.000387	11	24
OTU41	OTU5	0.252223	-0.470863	0.657219	2	3	6	-1	0.097000	-0.183619	0.663375	-0.419079	0.349342	1	0.222892	0.595714	0.594619	0.159090	-1	0.101042	0.388588	0.003479	0.494905	0.001841	12	13
OTU41	OTU430	-0.514578	-0.817084	-0.294893	1	1	8	0	0.030000	-0.690117	0.058175	-0.769067	0.043272	-1	-0.795181	0.018316	-0.854545	0.014308	1	0.051667	0.082330	0.000845	0.039102	0.000284	12	14
OTU41	OTU6	-0.596599	-0.880152	-0.363823	1	1	8	0	0.001000	-0.793936	0.018634	-0.896558	0.006247	-1	-0.958101	0.000178	-0.964286	0.000454	-1	0.007895	0.042076	0.000226	0.002770	0.000035	12	15
OTU41	OTU15	-0.538256	-0.832041	-0.297925	1	2	7	-1	0.008000	-0.569641	0.140485	-0.667708	0.101209	-1	-0.843373	0.008513	-0.918956	0.003437	-1	0.027907	0.133845	0.001432	0.026515	0.000109	12	16
OTU41	OTU995	-0.481496	-0.832041	-0.174649	1	2	7	-1	0.012000	-0.463820	0.247014	-0.627826	0.131144	-1	-0.566265	0.143390	-0.882919	0.008450	-1	0.033051	0.199992	0.001726	0.168173	0.000202	12	17
OTU41	OTU6096	0.586251	0.334129	0.933708	1	1	8	0	0.002000	0.906215	0.001920	0.956444	0.000743	-1	0.933735	0.000692	0.991031	0.000015	-1	0.011111	0.010444	0.000060	0.005989	0.000002	12	18
OTU41	OTU1334	0.460903	0.296373	0.670936	1	1	8	0	0.001000	0.995273	0.000000	0.995330	0.000003	-1	0.957217	0.000190	0.963624	0.000475	-1	0.007895	0.000037	0.000004	0.002770	0.000035	12	19
OTU41	OTU18	-0.593424	-0.966690	-0.295518	1	1	7	0	0.001000	-0.693796	0.056301	-0.693796	0.056301	0	-0.915663	0.001406	-0.915663	0.001406	0	0.007895	0.082106	0.001000	0.009544	0.000063	12	20
OTU41	OTU842	0.458807	0.286258	0.718745	1	1	8	0	0.003000	0.936806	0.000601	0.936806	0.000601	0	0.920401	0.001187	0.926562	0.002697	-1	0.014516	0.004568	0.000054	0.008351	0.000091	12	21
OTU41	OTU21	-0.522281	-0.875595	-0.263543	1	1	8	0	0.020000	-0.782887	0.021601	-0.847496	0.016041	-1	-0.878804	0.004056	-0.981818	0.000085	1	0.041667	0.046524	0.000441	0.016752	0.000009	12	22
OTU41	OTU10	-0.246183	-0.538792	0.411007	1	2	3	-1	0.759000	0.108614	0.797945	-0.284667	0.536074	-1	-0.168675	0.689682	-0.342356	0.452251	-1	0.460931	0.435269	0.004927	0.548283	0.004188	12	23
OTU41	OTU32	-0.004725	-0.647294	0.579217	2	1	6	1	0.557000	0.174649	0.679132	0.815694	0.025294	1	0.216867	0.605943	0.681818	0.091579	1	0.383257	0.393154	0.000591	0.498395	0.001199	12	24
OTU5	OTU430	-0.150877	-0.574992	0.448886	3	2	6	1	0.928000	-0.381557	0.350984	-0.381557	0.350984	0	-0.240964	0.565377	-0.418182	0.350483	1	0.519403	0.253288	0.003482	0.473223	0.003383	13	14
OTU5	OTU6	-0.357360	-0.616910	0.365787	3	2	6	1	0.228000	-0.290590	0.485039	-0.581662	0.170726	1	-0.371264	0.365202	-0.594619	0.159090	1	0.192135	0.311493	0.002129	0.349011	0.001841	13	15
OTU5	OTU15	-0.469525	-0.733011	-0.250162	3	2	6	1	0.029000	-0.421746	0.297992	-0.644804	0.117912	1	-0.518072	0.188432	-0.872727	0.010352	1	0.051176	0.227639	0.001585	0.213107	0.000231	13	16
OTU5	OTU995	-0.474477	-0.789503	-0.246504	3	3	6	0	0.013000	-0.547290	0.160328	-0.576048	0.175893	1	-0.819277	0.012829	-0.819277	0.012829	0	0.033051	0.147670	0.002156	0.033057	0.000267	13	17
OTU5	OTU6096	0.372574	-0.328453	0.683344	3	3	6	0	0.266000	0.100669	0.812517	0.541702	0.209139	1	0.373494	0.362100	0.594619	0.159090	1	0.214516	0.439198	0.002443	0.349011	0.001841	13	18
OTU5	OTU1334	0.279652	-0.268758	0.431881	3	2	6	1	0.216000	-0.198310	0.637803	-0.273072	0.553507	-1	0.269984	0.517841	0.600000	0.154377	1	0.184091	0.380612	0.005050	0.443197	0.001812	13	19
OTU5	OTU18	-0.214445	-0.648905	0.501475	3	2	6	1	0.275000	-0.290623	0.484987	-0.548766	0.202074	1	-0.120482	0.776273	0.630656	0.128888	-1	0.219415	0.311493	0.002406	0.597133	0.001587	13	20
OTU5	OTU842	0.298468	-0.278875	0.469731	3	2	6	1	0.178000	-0.035922	0.932705	0.494276	0.259518	1	0.220896	0.599096	0.636364	0.124400	1	0.157988	0.483734	0.002798	0.494905	0.001553	13	21
OTU5	OTU21	-0.198114	-0.676629	0.463338	3	2	6	1	0.310000	-0.131672	0.755954	-0.492940	0.261010	1	0.000000	1.000000	-0.545455	0.205372	1	0.240933	0.419974	0.002798	0.690909	0.002252	13	22
OTU5	OTU10	-0.318903	-0.626007	0.405040	1	1	4	0	0.603000	-0.533002	0.173766	-0.533002	0.173766	0	-0.415663	0.305750	-0.415663	0.305750	0	0.400000	0.157969	0.002140	0.307368	0.003045	13	23
OTU5	OTU32	-0.449856	-0.842233	0.381839	1	1	8	0	0.052000	-0.687024	0.059779	-0.687024	0.059779	0	-0.861446	0.005978	-0.861446	0.005978	0	0.071560	0.082710	0.001018	0.021033	0.000171	13	24
OTU430	OTU6	0.549317	0.358204	0.785220	1	1	8	0	0.033000	0.831420	0.010514	0.831420	0.010514	0	0.826362	0.011443	0.846881	0.016197	-1	0.053226	0.030666	0.000321	0.031059	0.000311	14	15
OTU430	OTU15	0.477059	0.260763	0.775963	1	2	7	-1	0.076000	0.588230	0.125079	0.667092	0.101641	1	0.680723	0.063126	0.818182	0.024484	-1	0.087692	0.126892	0.001432	0.092977	0.000416	14	16
OTU430	OTU995	0.406492	0.211969	0.706347	1	2	7	-1	0.130000	0.660366	0.074689	0.660366	0.074689	0	0.493976	0.213436	0.809091	0.027517	-1	0.123418	0.095931	0.001167	0.235772	0.000450	14	17
OTU430	OTU6096	-0.564146	-0.900787	-0.326075	1	1	8	0	0.031000	-0.797197	0.017810	-0.833012	0.019960	1	-0.843373	0.008513	-0.872727	0.010352	-1	0.051667	0.042076	0.000520	0.026515	0.000231	14	18
OTU430	OTU1334	-0.409054	-0.640461	-0.272980	1	1	8	0	0.027000	-0.691604	0.057413	-0.732678	0.061071	1	-0.822225	0.012240	-0.953646	0.000867	-1	0.049390	0.082330	0.001018	0.032299	0.000047	14	19
OTU430	OTU18	0.538026	0.325883	0.806357	1	1	7	0	0.023000	0.699143	0.053643	0.699143	0.053643	0	0.789157	0.019883	0.789157	0.019883	0	0.046000	0.079893	0.000972	0.041763	0.000360	14	20
OTU430	OTU842	-0.404571	-0.612942	-0.264376	1	1	8	0	0.082000	-0.684705	0.060998	-0.901818	0.005499	1	-0.724049	0.042261	-0.916248	0.003725	-1	0.091111	0.082910	0.000212	0.070435	0.000114	14	21
OTU430	OTU21	0.519979	0.301648	0.889910	1	1	8	0	0.013000	0.766195	0.026611	0.776617	0.039997	-1	0.848500	0.007735	0.872727	0.010352	-1	0.033051	0.049674	0.000800	0.024910	0.000231	14	22
OTU430	OTU10	0.261235	-0.408384	0.619582	2	2	6	0	0.571000	0.299653	0.470877	0.299653	0.470877	0	0.265060	0.525799	0.490909	0.263285	-1	0.387557	0.309497	0.004401	0.447990	0.002754	14	23
OTU430	OTU32	0.019230	-0.550737	0.609445	2	1	6	1	0.810000	0.375175	0.359770	-0.503335	0.249505	1	0.018072	0.966122	-0.468487	0.288997	1	0.487952	0.256979	0.002736	0.677355	0.002961	14	24
OTU6	OTU15	0.565460	0.361355	0.793936	1	1	8	0	0.011000	0.794033	0.018609	0.929633	0.002428	-1	0.898220	0.002439	0.918956	0.003437	-1	0.033051	0.042076	0.000110	0.014042	0.000109	15	16
OTU6	OTU995	0.510312	0.312842	0.827982	1	2	7	-1	0.032000	0.731793	0.039052	0.907387	0.004767	-1	0.658694	0.075690	0.882919	0.008450	-1	0.052174	0.064321	0.000189	0.106526	0.000202	15	17
OTU6	OTU6096	-0.632757	-0.948183	-0.395038	1	1	8	0	0.000000	-0.952864	0.000253	-0.962893	0.000499	1	-0.994030	0.000001	-0.994030	0.000001	0	0.000000	0.003216	0.000050	0.000101	0.000000	15	18
OTU6	OTU1334	-0.510971	-0.671863	-0.399569	1	1	8	0	0.000000	-0.790146	0.019620	-0.874291	0.010046	1	-0.975900	0.000034	-0.991031	0.000015	1	0.000000	0.043601	0.000321	0.001214	0.000002	15	19
OTU6	OTU18	0.583452	0.395357	0.860395	1	1	7	0	0.001000	0.779976	0.022428	0.824298	0.022555	1	0.826362	0.011443	0.882919	0.008450	1	0.007895	0.046864	0.000549	0.031059	0.000202	15	20
OTU6	OTU842	-0.498520	-0.671863	-0.366653	1	1	8	0	0.000000	-0.887107	0.003299	-0.935075	0.001992	1	-0.951503	0.000275	-0.954994	0.000806	1	0.000000	0.013586	0.000101	0.003264	0.000047	15	21
OTU6	OTU21	0.556422	0.337275	0.869892	1	1	8	0	0.070000	0.948185	0.000334	0.948185	0.000334	0	0.795238	0.018302	0.954994	0.000806	1	0.083333	0.003889	0.000042	0.039102	0.000047	15	22
OTU6	OTU10	0.267354	-0.286092	0.490943	1	2	3	-1	0.965000	0.284431	0.494758	0.284431	0.494758	0	0.047905	0.910315	0.342356	0.452251	-1	0.526364	0.316284	0.004598	0.662682	0.004188	15	23
OTU6	OTU32	0.058974	-0.545074	0.602083	2	3	6	-1	0.409000	0.174386	0.679594	-0.529306	0.221814	1	0.000000	1.000000	-0.576600	0.175382	1	0.300728	0.393154	0.002551	0.690909	0.001966	15	24
OTU15	OTU995	0.508919	0.285091	0.858187	1	2	7	-1	0.009000	0.936943	0.000598	0.936943	0.000598	0	0.753012	0.031035	0.963636	0.000475	-1	0.029348	0.004568	0.000054	0.054598	0.000035	16	17
OTU15	OTU6096	-0.578090	-0.916042	-0.308781	1	1	8	0	0.031000	-0.796720	0.017929	-0.836656	0.018928	1	-0.891566	0.002934	-0.918956	0.003437	1	0.051667	0.042076	0.000499	0.015065	0.000109	16	18
OTU15	OTU1334	-0.432820	-0.634985	-0.300575	2	1	7	1	0.024000	-0.557052	0.151484	-0.666629	0.101966	1	-0.871313	0.004827	-0.945455	0.001296	1	0.047368	0.140449	0.001432	0.018716	0.000063	16	19
OTU15	OTU18	0.522493	0.272956	0.821569	2	1	7	1	0.054000	0.776391	0.023474	0.776391	0.023474	0	0.710843	0.048092	0.809091	0.027517	1	0.072321	0.047628	0.000554	0.076146	0.000450	16	20
OTU15	OTU842	-0.438189	-0.654990	-0.297440	1	1	8	0	0.029000	-0.742717	0.034784	-0.775546	0.040453	1	-0.895857	0.002608	-0.895857	0.002608	0	0.051176	0.058220	0.000803	0.014157	0.000091	16	21
OTU15	OTU21	0.507477	0.235308	0.874555	2	1	7	1	0.004000	0.585061	0.127635	0.920428	0.003285	1	0.672740	0.067524	0.927273	0.002634	1	0.018182	0.127635	0.000144	0.097194	0.000091	16	22
OTU15	OTU10	0.293808	-0.305292	0.574773	1	2	6	-1	0.452000	0.037986	0.928845	0.431653	0.333519	1	0.156627	0.711093	0.563636	0.187585	-1	0.322038	0.483734	0.003403	0.560613	0.002094	16	23
OTU15	OTU32	0.250489	-0.559400	0.763149	2	3	6	-1	0.215000	0.295298	0.477663	0.919952	0.003334	-1	0.174699	0.679043	0.654545	0.110646	-1	0.184091	0.311493	0.000144	0.542093	0.001411	16	24
OTU995	OTU6096	-0.516881	-0.894829	-0.261613	2	1	7	1	0.107000	-0.729484	0.039992	-0.846291	0.016348	1	-0.674699	0.066429	-0.882919	0.008450	1	0.108446	0.065104	0.000444	0.096347	0.000202	17	18
OTU995	OTU1334	-0.374695	-0.544529	-0.252779	2	1	7	1	0.067000	-0.472596	0.236983	-0.610432	0.145443	1	-0.650417	0.080760	-0.872727	0.010352	1	0.081048	0.195328	0.001869	0.110747	0.000231	17	19
OTU995	OTU18	0.526558	0.285600	0.877547	2	1	7	1	0.012000	0.612098	0.106759	0.815024	0.025515	1	0.331325	0.422732	0.854545	0.014308	1	0.033051	0.117687	0.000591	0.386150	0.000284	17	20
OTU995	OTU842	-0.366844	-0.569365	-0.222091	2	1	7	1	0.100000	-0.647727	0.082449	-0.785216	0.036439	1	-0.589057	0.124417	-0.836364	0.019010	1	0.102740	0.102050	0.000766	0.152511	0.000349	17	21
OTU995	OTU21	0.460888	0.155317	0.854079	2	1	7	1	0.076000	0.481992	0.226478	0.801228	0.030301	1	0.460615	0.250731	0.809091	0.027517	1	0.087692	0.192163	0.000664	0.266139	0.000450	17	22
OTU995	OTU10	0.390269	0.198768	0.671374	1	1	4	0	0.421000	-0.038727	0.927459	0.349108	0.442781	1	0.409639	0.313526	0.490909	0.263285	1	0.305072	0.483734	0.004177	0.311884	0.002754	17	23
OTU995	OTU32	0.299487	-0.461966	0.728450	1	1	8	0	0.413000	0.593382	0.120986	0.949632	0.001064	-1	0.518072	0.188432	0.654545	0.110646	-1	0.300728	0.125094	0.000074	0.213107	0.001411	17	24
OTU6096	OTU1334	0.493988	0.311422	0.718578	1	1	8	0	0.000000	0.902826	0.002130	0.950028	0.001044	1	0.981761	0.000015	1.000000	0.000000	1	0.000000	0.011045	0.000074	0.000948	0.000000	18	19
OTU6096	OTU18	-0.566685	-0.878509	-0.329949	1	1	7	0	0.019000	-0.768769	0.025796	-0.812770	0.026265	1	-0.783133	0.021531	-0.927273	0.002634	1	0.040714	0.048959	0.000597	0.042614	0.000091	18	20
OTU6096	OTU842	0.493845	0.295535	0.732058	1	1	8	0	0.000000	0.979011	0.000023	0.979011	0.000023	0	0.957217	0.000190	0.963636	0.000475	1	0.000000	0.001062	0.000011	0.002770	0.000035	18	21
OTU6096	OTU21	-0.520913	-0.902577	-0.272518	1	1	8	0	0.067000	-0.875633	0.004372	-0.900224	0.005720	1	-0.800015	0.017116	-0.927273	0.002634	1	0.081048	0.017028	0.000213	0.038260	0.000091	18	22
OTU6096	OTU10	-0.248588	-0.499798	0.324564	1	2	3	-1	0.960000	-0.017853	0.966533	-0.328575	0.471811	-1	-0.018072	0.966122	-0.342356	0.452251	-1	0.525547	0.493849	0.004401	0.677355	0.004188	18	23
OTU6096	OTU32	-0.161128	-0.695700	0.535288	2	3	6	-1	0.507000	-0.114164	0.787796	0.647186	0.116113	1	-0.030120	0.943558	0.500000	0.253170	1	0.355374	0.432515	0.001578	0.673970	0.002659	18	24
OTU1334	OTU18	-0.439987	-0.675470	-0.285370	1	1	7	0	0.011000	-0.641129	0.086678	-0.724281	0.065654	1	-0.797681	0.017689	-0.953646	0.000867	1	0.033051	0.104322	0.001073	0.038632	0.000047	19	20
OTU1334	OTU842	0.395841	0.331637	0.617341	1	1	8	0	0.001000	0.931222	0.000772	0.939632	0.001664	1	0.975000	0.000038	0.975000	0.000038	0	0.007895	0.005147	0.000100	0.001214	0.000005	19	21
OTU1334	OTU21	-0.412115	-0.646731	-0.208300	1	1	8	0	0.013000	-0.777404	0.023175	-0.824140	0.022604	-1	-0.876610	0.004273	-0.953646	0.000867	1	0.033051	0.047628	0.000549	0.017272	0.000047	19	22
OTU1334	OTU10	-0.179151	-0.382220	0.226352	1	2	3	-1	0.847000	0.147833	0.726825	-0.252254	0.585254	-1	-0.049088	0.908108	-0.390909	0.385892	-1	0.498235	0.413830	0.005320	0.662682	0.003696	19	23
OTU1334	OTU32	-0.034785	-0.411273	0.417421	2	3	6	-1	0.615000	0.135521	0.748992	0.715319	0.070744	1	0.110448	0.794588	0.486172	0.268627	1	0.402391	0.417764	0.001134	0.603887	0.002787	19	24
OTU18	OTU842	-0.425147	-0.640461	-0.276294	1	1	7	0	0.054000	-0.712662	0.047262	-0.757447	0.048593	1	-0.748593	0.032612	-0.897549	0.006102	-1	0.072321	0.072711	0.000907	0.056846	0.000171	20	21
OTU18	OTU21	0.538926	0.301715	0.896628	1	1	7	0	0.052000	0.705702	0.050486	0.757927	0.048366	1	0.818197	0.013049	0.818197	0.013049	0	0.071560	0.076001	0.000907	0.033057	0.000270	20	22
OTU18	OTU10	0.348231	-0.329657	0.600955	2	2	7	0	0.596000	0.372968	0.362831	0.372968	0.362831	0	0.301205	0.468470	0.327273	0.473674	-1	0.397333	0.257849	0.003571	0.412080	0.004338	20	23
OTU18	OTU32	-0.047522	-0.621749	0.628626	2	1	7	1	0.287000	-0.108022	0.799029	-0.798327	0.031366	1	-0.271084	0.516069	-0.863636	0.012238	1	0.226579	0.435269	0.000682	0.443197	0.000262	20	24
OTU842	OTU21	-0.404032	-0.673030	-0.226205	1	1	8	0	0.030000	-0.819547	0.012774	-0.872613	0.010375	1	-0.802530	0.016512	-0.916248	0.003725	1	0.051667	0.035767	0.000321	0.037349	0.000114	21	22
OTU842	OTU10	-0.189196	-0.383946	0.264306	1	2	6	-1	0.697000	0.115812	0.784787	-0.381437	0.398513	-1	0.098176	0.817099	-0.445455	0.316513	-1	0.433817	0.432515	0.003832	0.616067	0.003119	21	23
OTU842	OTU32	-0.053218	-0.453389	0.407766	2	3	6	-1	0.517000	-0.009056	0.983022	0.667405	0.101421	1	0.134992	0.749948	0.523570	0.227799	1	0.360698	0.500447	0.001432	0.583976	0.002466	21	24
OTU21	OTU10	0.315694	-0.438217	0.712695	1	2	6	-1	0.630000	0.407069	0.316871	0.407069	0.316871	0	0.296975	0.475045	0.581818	0.170583	-1	0.402766	0.237230	0.003247	0.415938	0.001938	22	23
OTU21	OTU32	-0.062420	-0.602733	0.597607	1	1	6	0	0.565000	-0.035809	0.932915	-0.512086	0.240005	1	-0.363643	0.375893	-0.463636	0.294700	1	0.385909	0.483734	0.002655	0.355322	0.002996	22	24
OTU10	OTU32	-0.000147	-0.535599	0.562645	1	1	4	0	0.834000	-0.059039	0.889558	-0.274815	0.550875	1	0.210843	0.616229	-0.345455	0.447896	1	0.494466	0.476334	0.005045	0.503444	0.004178	23	24
