X	Y	LS	lowCI	upCI	Xs	Ys	Len	Delay	P	PCC	Ppcc	SPCC	Pspcc	Dspcc	SCC	Pscc	SSCC	Psscc	Dsscc	Q	Qpcc	Qspcc	Qscc	Qsscc	Xi	Yi
OTU7	OTU47	0.336276	-0.595138	0.921472	1	2	6	-1	0.191000	0.511848	0.240262	0.804959	0.053352	-1	0.612637	0.143589	0.782691	0.065704	-1	0.470732	0.464626	0.005933	0.308915	0.006831	1	2
OTU7	OTU192	0.295125	0.155593	0.602728	1	1	7	0	0.939000	0.313503	0.493545	0.734582	0.096321	-1	0.418251	0.350395	0.521794	0.288343	1	0.854054	0.557421	0.007096	0.383735	0.012605	1	3
OTU7	OTU23	0.354988	-0.361293	0.865320	1	2	6	-1	0.087000	0.264320	0.566787	0.888253	0.018033	-1	0.378394	0.402602	0.885714	0.018845	-1	0.376000	0.592718	0.004571	0.394156	0.003627	1	4
OTU7	OTU2	-0.025902	-0.393887	0.400165	3	2	5	1	0.928000	-0.067388	0.885858	-0.715224	0.110099	1	0.000000	1.000000	-0.600000	0.208000	1	0.854054	0.664398	0.007490	0.608696	0.010061	1	5
OTU7	OTU22	0.213096	-0.475659	0.730489	3	2	5	1	0.371000	0.736170	0.059218	0.736170	0.059218	0	0.468487	0.288997	0.828571	0.041563	1	0.650877	0.263190	0.006266	0.364500	0.005363	1	6
OTU7	OTU4	0.007108	-0.363583	0.441167	3	2	5	1	0.878000	-0.454659	0.305385	-0.476717	0.339094	-1	-0.071429	0.879048	0.657143	0.156175	1	0.840191	0.486670	0.012559	0.567128	0.008941	1	7
OTU7	OTU2771	0.093462	-0.803070	0.810629	3	2	5	1	0.508000	0.146277	0.754320	-0.696680	0.124052	1	0.288300	0.530651	-0.714286	0.110787	1	0.700645	0.652385	0.007714	0.452994	0.007581	1	8
OTU7	OTU86	-0.061064	-0.503549	0.395581	3	2	5	1	0.709000	-0.312214	0.495419	-0.768343	0.074281	1	-0.205832	0.657923	-0.698253	0.122839	1	0.770652	0.557421	0.006692	0.503329	0.008051	1	9
OTU7	OTU14	-0.064145	-0.513748	0.345094	3	2	5	1	0.931000	-0.392156	0.384242	-0.739597	0.092886	1	0.000000	1.000000	-0.600000	0.208000	1	0.854054	0.539131	0.007096	0.608696	0.010061	1	10
OTU7	OTU84	0.376320	-0.287322	0.865320	1	1	4	0	0.086000	0.590182	0.163029	0.615354	0.193474	-1	0.607143	0.148231	0.607143	0.148231	0	0.376000	0.397510	0.009041	0.308915	0.008719	1	11
OTU7	OTU537	-0.075432	-0.503218	0.444406	4	4	4	0	0.832000	-0.344055	0.449862	-0.344055	0.449862	0	-0.145479	0.755633	-0.202920	0.699798	-1	0.819704	0.557421	0.015459	0.537854	0.024554	1	12
OTU7	OTU90	-0.153680	-0.541710	0.400165	1	1	2	0	0.945000	-0.328495	0.471925	-0.647050	0.164877	1	-0.054056	0.908365	-0.485714	0.328723	1	0.854054	0.557421	0.008483	0.575435	0.013369	1	13
OTU7	OTU4223	0.185106	-0.501446	0.767475	3	2	5	1	0.147000	0.340399	0.455011	0.892042	0.016853	1	0.618284	0.138895	0.840668	0.036058	1	0.427027	0.557421	0.004539	0.308915	0.005061	1	14
OTU7	OTU41	0.103853	-0.699786	0.696201	1	2	6	-1	0.465000	0.211769	0.648496	-0.710253	0.113767	1	0.414431	0.355269	-0.714286	0.110787	1	0.683212	0.617615	0.007540	0.383735	0.007581	1	15
OTU7	OTU519	0.303929	-0.200025	0.606702	3	4	4	-1	0.666000	0.247700	0.592272	0.654894	0.158097	-1	0.254588	0.581668	0.588490	0.219168	-1	0.748315	0.603590	0.008432	0.470766	0.010326	1	16
OTU7	OTU5	0.117416	-0.473782	0.633431	1	1	7	0	0.243000	0.382356	0.397281	0.831811	0.040053	1	0.709208	0.074331	0.765037	0.076326	1	0.524731	0.539131	0.005449	0.284975	0.006856	1	17
OTU7	OTU430	0.011900	-0.452343	0.511008	5	5	3	0	0.945000	-0.308029	0.501525	-0.335054	0.516226	-1	0.000000	1.000000	-0.235396	0.653428	1	0.854054	0.557421	0.016774	0.608696	0.023305	1	18
OTU7	OTU6	0.192088	-0.455937	0.764777	1	2	6	-1	0.601000	0.234966	0.612029	0.719394	0.107062	-1	0.392857	0.383317	0.714286	0.110787	-1	0.707059	0.608227	0.007435	0.383735	0.007581	1	19
OTU7	OTU18	0.304603	-0.236191	0.640990	1	2	5	-1	0.449000	0.160703	0.730691	0.624859	0.184699	-1	0.296500	0.518477	0.576818	0.230732	-1	0.680303	0.649503	0.008988	0.445511	0.010488	1	20
OTU7	OTU21	0.389231	-0.330590	0.824742	1	2	6	-1	0.048000	0.325715	0.475907	0.870180	0.024186	-1	0.472805	0.283962	0.927634	0.007666	-1	0.331034	0.557421	0.004571	0.361406	0.002331	1	21
OTU7	OTU10	0.475355	0.178761	1.001701	3	2	5	1	0.575000	0.317582	0.487628	0.675677	0.140721	-1	0.495601	0.258042	0.647339	0.164625	1	0.707059	0.557421	0.008045	0.341046	0.009234	1	22
OTU47	OTU192	0.115169	-0.540846	0.686842	2	1	6	1	0.524000	0.379600	0.400979	0.733793	0.096867	1	0.100922	0.829541	0.720588	0.106199	1	0.700645	0.539131	0.007096	0.555674	0.007581	2	3
OTU47	OTU23	0.514216	0.299887	1.069248	1	1	7	0	0.022000	0.820199	0.023838	0.820199	0.023838	0	0.890909	0.007113	0.890909	0.007113	0	0.208696	0.190703	0.004571	0.105814	0.002331	2	4
OTU47	OTU2	0.347956	0.221041	0.744274	1	1	6	0	0.662000	0.545698	0.205128	0.821768	0.044819	-1	0.450469	0.310429	0.695725	0.124789	-1	0.748315	0.434706	0.005590	0.372768	0.008051	2	5
OTU47	OTU22	-0.425833	-1.010971	0.428293	1	2	6	-1	0.012000	-0.199962	0.667280	-0.912380	0.011179	-1	-0.254545	0.581733	-0.955882	0.002877	-1	0.200000	0.621457	0.003769	0.470766	0.001534	2	6
OTU47	OTU4	-0.365978	-0.810629	-0.215571	1	1	6	0	0.760000	-0.616984	0.139968	-0.655150	0.157877	-1	-0.396412	0.378635	-0.550782	0.257369	-1	0.795812	0.386172	0.008432	0.383735	0.011503	2	7
OTU47	OTU2771	0.404274	-0.318500	1.099951	1	1	3	0	0.707000	0.486755	0.267966	0.614575	0.194201	-1	0.527273	0.223927	0.527273	0.223927	0	0.770652	0.468971	0.009041	0.323666	0.010443	2	8
OTU47	OTU86	0.402169	0.239762	0.869365	1	2	6	-1	0.120000	0.411747	0.358711	0.861541	0.027429	-1	0.405950	0.366191	0.820987	0.045200	-1	0.427027	0.521761	0.004812	0.383735	0.005660	2	9
OTU47	OTU14	0.362609	0.200422	0.779926	1	1	6	0	0.588000	0.146698	0.753629	0.616750	0.192175	-1	0.450469	0.310429	0.695725	0.124789	-1	0.707059	0.652385	0.009041	0.372768	0.008051	2	10
OTU47	OTU84	0.345479	-0.408791	0.871353	2	1	5	1	0.139000	0.456391	0.303311	0.695018	0.125337	1	0.540562	0.210289	0.753702	0.083523	1	0.427027	0.486670	0.007714	0.313197	0.006856	2	11
OTU47	OTU537	0.023641	-0.541710	0.571998	4	4	4	0	0.818000	-0.176024	0.705781	0.352133	0.493633	-1	-0.229367	0.620775	-0.229367	0.620775	0	0.809901	0.638748	0.016373	0.490999	0.022270	2	12
OTU47	OTU90	0.231422	-0.430867	0.717545	2	3	5	-1	0.846000	0.194613	0.675835	0.724027	0.103733	-1	0.118182	0.800766	0.602941	0.205184	-1	0.829412	0.621457	0.007279	0.538977	0.010061	2	13
OTU47	OTU4223	-0.099217	-0.865320	0.713571	1	2	6	-1	0.168000	-0.460719	0.298155	-0.777283	0.068881	-1	-0.119271	0.798956	-0.897059	0.015350	-1	0.436364	0.486670	0.006560	0.538977	0.003470	2	14
OTU47	OTU41	0.343017	-0.339041	0.867868	4	5	3	-1	0.573000	0.464555	0.293617	0.560988	0.246791	-1	0.654545	0.110646	0.654545	0.110646	0	0.707059	0.486670	0.010547	0.288398	0.007581	2	15
OTU47	OTU519	0.253460	-0.475721	0.810629	2	1	5	1	0.235000	0.255494	0.580276	0.711924	0.112528	1	0.165145	0.723449	0.588235	0.219418	1	0.522222	0.599220	0.007540	0.529275	0.010326	2	16
OTU47	OTU5	-0.315005	-0.784031	0.353250	1	2	6	-1	0.380000	-0.483796	0.271325	-0.790735	0.061106	-1	-0.009175	0.984425	-0.661765	0.152257	-1	0.652991	0.468971	0.006365	0.604472	0.008891	2	17
OTU47	OTU430	0.223176	-0.299887	0.634795	1	1	4	0	0.916000	-0.096934	0.836212	0.269986	0.604860	1	0.192669	0.678952	0.388103	0.447074	1	0.854054	0.656519	0.018497	0.511039	0.016871	2	18
OTU47	OTU6	0.496286	0.272173	1.069248	1	1	7	0	0.061000	0.859846	0.013078	0.859846	0.013078	0	0.846881	0.016197	0.869657	0.024377	-1	0.369697	0.139503	0.004152	0.132799	0.003980	2	19
OTU47	OTU18	0.412524	0.229480	0.865320	2	1	6	1	0.168000	0.453139	0.307210	0.770330	0.073065	1	0.598366	0.155801	0.770051	0.073235	1	0.436364	0.486670	0.006692	0.308915	0.006856	2	20
OTU47	OTU21	0.489061	0.278226	1.034960	1	1	7	0	0.018000	0.764590	0.045282	0.764590	0.045282	0	0.926644	0.002690	0.926644	0.002690	0	0.208696	0.241505	0.005590	0.047075	0.001534	2	21
OTU47	OTU10	0.343410	-0.756437	1.391452	4	4	4	0	0.688000	0.434855	0.329540	0.699870	0.121600	1	0.296347	0.518703	0.656790	0.156476	1	0.764444	0.512519	0.007714	0.445511	0.008941	2	22
OTU192	OTU23	-0.130885	-0.540846	0.443079	3	2	5	1	0.432000	0.748153	0.053093	0.748153	0.053093	0	0.137620	0.768574	-0.612008	0.196603	1	0.680303	0.255374	0.005933	0.537854	0.009769	3	4
OTU192	OTU2	-0.236534	-0.419712	0.221686	3	3	5	0	0.814000	-0.093062	0.842697	-0.246324	0.637987	1	-0.327327	0.473597	-0.559065	0.248771	1	0.809901	0.656519	0.019245	0.433357	0.011244	3	5
OTU192	OTU22	0.379771	0.166273	0.699295	3	2	5	1	0.345000	0.117640	0.801667	0.885723	0.018843	1	0.587181	0.165720	0.735612	0.095611	1	0.634545	0.655724	0.004571	0.308915	0.007301	3	6
OTU192	OTU4	0.232595	-0.269184	0.476463	4	4	4	0	0.747000	-0.151954	0.745002	-0.305771	0.555638	-1	0.363696	0.422582	0.363696	0.422582	0	0.790476	0.651368	0.017391	0.402459	0.016235	3	7
OTU192	OTU2771	-0.140937	-0.867102	0.533084	3	4	4	-1	0.934000	-0.058273	0.901240	0.108762	0.837501	1	0.018349	0.968854	-0.279412	0.591789	-1	0.854054	0.665986	0.024275	0.600175	0.021422	3	8
OTU192	OTU86	-0.300807	-0.867102	0.299887	3	2	5	1	0.502000	-0.238090	0.607164	-0.479978	0.335321	1	-0.400163	0.373720	-0.750366	0.085697	1	0.700645	0.608227	0.012489	0.383735	0.006856	3	9
OTU192	OTU14	-0.265665	-0.521383	0.195774	3	3	5	0	0.811000	-0.322385	0.480694	-0.391026	0.443355	1	-0.327327	0.473597	-0.559065	0.248771	1	0.809901	0.557421	0.015315	0.433357	0.011244	3	10
OTU192	OTU84	0.163197	-0.540846	0.665498	1	1	7	0	0.543000	0.563681	0.187542	0.563681	0.187542	0	0.618284	0.138895	0.618284	0.138895	0	0.700645	0.416761	0.009041	0.308915	0.008620	3	11
OTU192	OTU537	-0.277237	-0.695726	0.360565	3	4	4	-1	0.368000	-0.195028	0.675170	-0.626800	0.182928	-1	0.129630	0.781778	-0.867647	0.025117	-1	0.650877	0.621457	0.008967	0.537854	0.004019	3	12
OTU192	OTU90	-0.360661	-0.770337	0.132356	3	3	5	0	0.455000	-0.463414	0.294963	-0.463414	0.294963	0	-0.458735	0.300513	-0.458735	0.300513	0	0.681481	0.486670	0.011775	0.372317	0.012925	3	13
OTU192	OTU4223	0.173177	-0.475721	0.544350	3	2	5	1	0.723000	-0.015387	0.973881	0.358437	0.485370	1	0.453704	0.306532	0.626936	0.182805	1	0.781622	0.686724	0.016373	0.372768	0.009631	3	14
OTU192	OTU41	-0.113514	-0.621975	0.400165	7	6	1	1	0.935000	-0.120941	0.796183	0.147828	0.779873	1	0.119271	0.798956	-0.235396	0.653428	1	0.854054	0.655724	0.022825	0.538977	0.023305	3	15
OTU192	OTU519	0.411239	-0.465156	0.930312	1	1	7	0	0.056000	0.951198	0.000984	0.951198	0.000984	0	0.861111	0.012794	0.861111	0.012794	0	0.367742	0.029805	0.000820	0.123639	0.003412	3	16
OTU192	OTU5	0.307763	-0.340323	0.529843	3	2	5	1	0.587000	-0.117080	0.802599	0.489897	0.323942	1	0.518519	0.233132	0.696970	0.123828	1	0.707059	0.655724	0.012201	0.326384	0.008051	3	17
OTU192	OTU430	-0.185302	-0.551827	0.406417	4	5	3	-1	0.963000	-0.217339	0.639686	-0.272650	0.601160	-1	0.074074	0.874593	-0.363636	0.478588	1	0.859821	0.616565	0.018497	0.567128	0.017808	3	18
OTU192	OTU6	-0.062656	-0.648580	0.540846	3	2	5	1	0.759000	0.235546	0.611124	0.503075	0.309048	-1	-0.127294	0.785646	-0.441367	0.380939	1	0.795812	0.608227	0.012049	0.537854	0.014866	3	19
OTU192	OTU18	0.121802	-0.446610	0.521383	3	2	5	1	0.814000	0.821404	0.023457	0.821404	0.023457	0	0.226455	0.625339	0.462031	0.356269	-1	0.809901	0.190703	0.004571	0.490999	0.014040	3	20
OTU192	OTU21	0.056666	-0.488033	0.587706	3	2	5	1	0.316000	0.830627	0.020653	0.830627	0.020653	0	0.222222	0.631989	-0.612008	0.196603	1	0.617476	0.184471	0.004571	0.490999	0.009769	3	21
OTU192	OTU10	0.375805	-0.888438	1.142857	3	4	4	-1	0.394000	0.937337	0.001825	0.937337	0.001825	0	0.392541	0.383735	0.582154	0.225416	-1	0.662185	0.036498	0.000936	0.383735	0.010443	3	22
OTU23	OTU2	0.363127	0.251744	0.702527	1	1	7	0	0.346000	0.421095	0.346784	0.685681	0.132668	-1	0.630656	0.128888	0.753702	0.083523	-1	0.634545	0.521761	0.007897	0.308915	0.006856	4	5
OTU23	OTU22	-0.463160	-0.833873	-0.265016	1	2	6	-1	0.021000	-0.318476	0.486335	-0.707256	0.116004	-1	-0.400000	0.373934	-0.882353	0.019947	-1	0.208696	0.557421	0.007582	0.383735	0.003627	4	6
OTU23	OTU4	-0.352527	-0.477598	-0.237240	1	1	7	0	0.565000	-0.489869	0.264454	-0.602469	0.205635	-1	-0.486506	0.268249	-0.666737	0.148090	-1	0.707059	0.468971	0.009326	0.344539	0.008719	4	7
OTU23	OTU2771	0.419975	0.169017	1.006866	1	1	2	0	0.641000	0.218953	0.637139	0.442854	0.379145	-1	0.418182	0.350483	0.542857	0.265703	1	0.732571	0.616565	0.013517	0.383735	0.011809	4	8
OTU23	OTU86	0.387960	0.247337	0.824742	1	2	6	-1	0.119000	0.320276	0.483734	0.736340	0.095110	-1	0.623085	0.134966	0.806060	0.052772	-1	0.427027	0.557421	0.007096	0.308915	0.005864	4	9
OTU23	OTU14	0.358046	0.237240	0.475659	1	1	7	0	0.357000	0.106189	0.820742	0.462962	0.355172	-1	0.630656	0.128888	0.753702	0.083523	-1	0.642857	0.656519	0.012869	0.308915	0.006856	4	10
OTU23	OTU84	0.395907	-0.190339	0.843537	2	1	4	1	0.089000	0.415063	0.354461	0.844501	0.034390	1	0.522544	0.228878	0.942857	0.004805	1	0.376000	0.521761	0.005211	0.323666	0.002146	4	11
OTU23	OTU537	-0.014567	-0.465156	0.511008	4	5	1	-1	1.000000	-0.126962	0.786195	-0.126962	0.786195	0	-0.018349	0.968854	0.176547	0.737931	1	0.869565	0.655724	0.022888	0.600175	0.025779	4	12
OTU23	OTU90	0.308378	-0.156050	0.632151	2	3	5	-1	0.760000	0.043220	0.926695	0.659172	0.154449	-1	0.254545	0.581733	0.617647	0.191342	-1	0.795812	0.677038	0.008432	0.470766	0.009631	4	13
OTU23	OTU4223	-0.176492	-0.657343	0.521383	1	2	6	-1	0.094000	-0.382259	0.397411	-0.631620	0.178560	-1	-0.137620	0.768574	-0.882353	0.019947	-1	0.376000	0.539131	0.008950	0.537854	0.003627	4	14
OTU23	OTU41	0.360420	-0.221686	0.871353	2	1	6	1	0.741000	0.121676	0.794962	0.464459	0.353409	-1	0.509091	0.243237	0.542857	0.265703	1	0.788298	0.655724	0.012869	0.337161	0.011809	4	15
OTU23	OTU519	0.005761	-0.532705	0.714935	2	3	3	-1	0.539000	0.640005	0.121579	0.640005	0.121579	0	0.339464	0.456331	0.521794	0.288343	1	0.700645	0.386172	0.007714	0.425909	0.012605	4	16
OTU23	OTU5	-0.384284	-0.571998	-0.228198	1	2	6	-1	0.201000	-0.495074	0.258629	-0.607103	0.201227	-1	-0.174319	0.708542	-0.676471	0.140075	-1	0.478571	0.468971	0.009188	0.527638	0.008620	4	17
OTU23	OTU430	0.249654	-0.219747	0.575999	1	1	4	0	0.723000	-0.013834	0.976517	0.271060	0.603368	1	0.412861	0.357280	0.588490	0.219168	1	0.781622	0.686724	0.018497	0.383735	0.010326	4	18
OTU23	OTU6	0.510742	0.289604	1.096365	1	1	7	0	0.031000	0.741076	0.056666	0.741076	0.056666	0	0.882919	0.008450	0.927634	0.007666	-1	0.248000	0.259046	0.006093	0.105814	0.002331	4	19
OTU23	OTU18	0.452252	0.252389	1.004257	1	1	7	0	0.030000	0.815847	0.025244	0.815847	0.025244	0	0.804054	0.029283	0.819689	0.045837	1	0.248000	0.192333	0.004571	0.157677	0.005660	4	20
OTU23	OTU21	0.513506	0.353314	0.661132	1	1	7	0	0.006000	0.977589	0.000143	0.977589	0.000143	0	0.990867	0.000015	0.990867	0.000015	0	0.171429	0.011415	0.000315	0.001066	0.000061	4	21
OTU23	OTU10	0.243321	-0.897570	0.942261	4	4	2	0	0.703000	0.791610	0.033912	0.791610	0.033912	0	0.277825	0.546339	0.277825	0.546339	0	0.770652	0.208645	0.005211	0.458069	0.019867	4	22
OTU2	OTU22	-0.386148	-0.534202	-0.259546	2	2	6	0	0.125000	-0.528191	0.222972	-0.841036	0.035896	-1	-0.684712	0.089666	-0.840668	0.036058	-1	0.427027	0.463319	0.005216	0.288398	0.005061	5	6
OTU2	OTU4	-0.491024	-0.568427	-0.423754	1	1	7	0	0.001000	-0.798108	0.031448	-0.892246	0.016791	1	-0.964286	0.000454	-0.964286	0.000454	0	0.066667	0.208645	0.004539	0.015895	0.000454	5	7
OTU2	OTU2771	0.400508	0.186783	1.001701	1	1	7	0	0.225000	0.782473	0.037554	0.782473	0.037554	0	0.648675	0.114996	0.771429	0.072397	1	0.511364	0.208645	0.005216	0.288398	0.006856	5	8
OTU2	OTU86	0.446711	0.341968	0.966195	1	1	7	0	0.008000	0.958225	0.000670	0.961922	0.002147	-1	0.954314	0.000836	0.971008	0.001249	-1	0.177778	0.027591	0.001023	0.019507	0.000832	5	9
OTU2	OTU14	0.516468	0.410085	0.582931	1	1	7	0	0.000000	0.894934	0.006489	0.968918	0.001434	-1	1.000000	0.000000	1.000000	0.000000	1	0.000000	0.097277	0.000919	0.000000	0.000000	5	10
OTU2	OTU84	0.235230	-0.255912	0.657343	1	1	2	0	0.497000	0.323005	0.479802	0.492088	0.321448	1	0.392857	0.383317	0.485714	0.328723	1	0.700645	0.557421	0.012176	0.383735	0.013369	5	11
OTU2	OTU537	0.319231	-0.234251	0.615656	1	1	7	0	0.180000	0.666562	0.102013	0.702191	0.119829	-1	0.563730	0.187496	0.563730	0.187496	0	0.450000	0.353817	0.007714	0.308915	0.009631	5	12
OTU2	OTU90	0.437374	0.201671	0.841332	1	1	7	0	0.024000	0.888686	0.007472	0.891490	0.017023	-1	0.846881	0.016197	0.846881	0.016197	0	0.208696	0.097277	0.004539	0.132799	0.003470	5	13
OTU2	OTU4223	-0.202621	-0.488286	0.385423	1	2	6	-1	0.125000	-0.558358	0.192669	-0.806067	0.052768	-1	-0.272772	0.553961	-0.898645	0.014889	-1	0.427027	0.422287	0.005933	0.458902	0.003470	5	14
OTU2	OTU41	0.367767	0.186783	0.869425	2	1	6	1	0.119000	0.621799	0.136013	0.676562	0.140000	1	0.558581	0.192453	0.771429	0.072397	1	0.427027	0.386172	0.008045	0.308915	0.006856	5	15
OTU2	OTU519	-0.016140	-0.365646	0.418054	2	3	3	-1	0.990000	0.021394	0.963688	0.236291	0.652159	1	0.145479	0.755633	0.231908	0.658374	1	0.864629	0.686724	0.019517	0.537854	0.023305	5	16
OTU2	OTU5	-0.410948	-0.532149	-0.281167	2	2	6	0	0.083000	-0.575036	0.176833	-0.815765	0.047787	-1	-0.545545	0.205282	-0.985611	0.000309	-1	0.376000	0.403471	0.005792	0.313197	0.000412	5	17
OTU2	OTU430	0.432476	0.233601	0.821804	1	1	7	0	0.018000	0.663354	0.104282	0.762211	0.078093	-1	0.836502	0.018971	0.836502	0.018971	0	0.208696	0.353817	0.006701	0.132799	0.003627	5	18
OTU2	OTU6	0.439952	0.315441	0.855117	1	1	7	0	0.075000	0.886089	0.007904	0.966607	0.001654	1	0.750000	0.052181	0.942857	0.004805	1	0.376000	0.097277	0.000919	0.224553	0.002146	5	19
OTU2	OTU18	0.342200	0.215240	0.501446	1	1	7	0	0.081000	0.349787	0.441833	0.430669	0.393936	1	0.704187	0.077350	0.704187	0.077350	0	0.376000	0.557421	0.013750	0.284975	0.006856	5	20
OTU2	OTU21	0.336075	0.213049	0.466997	2	1	6	1	0.165000	0.222851	0.631000	0.564920	0.242763	1	0.563730	0.187496	0.753702	0.083523	1	0.434211	0.616565	0.010441	0.308915	0.006856	5	21
OTU2	OTU10	-0.238961	-0.877768	0.668009	1	2	6	-1	0.412000	-0.180152	0.699103	-0.333490	0.518310	-1	-0.440534	0.322532	-0.617914	0.191094	-1	0.667742	0.638748	0.016774	0.379021	0.009631	5	22
OTU22	OTU4	0.389727	0.266893	0.536078	2	2	6	0	0.448000	-0.005672	0.990371	0.646432	0.165416	1	0.612637	0.143589	0.753702	0.083523	1	0.680303	0.686724	0.008483	0.308915	0.006856	6	7
OTU22	OTU2771	-0.399529	-1.069248	0.335456	2	1	6	1	0.527000	-0.214786	0.643721	-0.758985	0.080132	1	-0.418182	0.350483	-0.637748	0.173071	1	0.700645	0.616738	0.006762	0.383735	0.009549	6	8
OTU22	OTU86	-0.410241	-0.867102	-0.271528	2	2	6	0	0.061000	-0.709868	0.073939	-0.709868	0.073939	0	-0.859102	0.013247	-0.859102	0.013247	0	0.369697	0.303339	0.006692	0.123639	0.003419	6	9
OTU22	OTU14	-0.402041	-0.741664	-0.258901	2	2	6	0	0.318000	-0.590542	0.162707	-0.634922	0.175594	-1	-0.684712	0.089666	-0.840668	0.036058	1	0.617476	0.397510	0.008931	0.288398	0.005061	6	10
OTU22	OTU84	-0.011397	-0.526790	0.530147	3	3	3	0	0.768000	0.352586	0.437933	0.651757	0.160794	-1	0.198206	0.670085	0.485714	0.328723	-1	0.795855	0.557421	0.008465	0.507091	0.013369	6	11
OTU22	OTU537	-0.237885	-0.668009	0.314391	3	4	4	-1	0.563000	-0.265940	0.564320	-0.571442	0.236138	-1	-0.247717	0.592246	-0.724714	0.103243	-1	0.707059	0.592718	0.010271	0.473797	0.007581	6	12
OTU22	OTU90	-0.382803	-0.779926	-0.195774	2	3	5	-1	0.382000	-0.574232	0.177581	-0.782164	0.066010	-1	-0.645455	0.117419	-0.927634	0.007666	-1	0.652991	0.403471	0.006455	0.288398	0.002331	6	13
OTU22	OTU4223	0.262723	-0.443372	0.696201	2	2	6	0	0.156000	0.720251	0.067918	0.743214	0.090442	1	0.807373	0.028112	0.807373	0.028112	0	0.427027	0.285969	0.007011	0.157427	0.004410	6	14
OTU22	OTU41	-0.335500	-0.874358	0.334736	2	1	6	1	0.335000	-0.125877	0.787994	-0.698247	0.122845	1	-0.372727	0.410260	-0.637748	0.173071	1	0.632075	0.655724	0.007714	0.396113	0.009549	6	15
OTU22	OTU519	0.214371	-0.385423	0.656762	2	3	2	-1	0.626000	0.140366	0.764048	0.780796	0.066809	-1	0.266066	0.564128	0.470792	0.345986	-1	0.721839	0.652651	0.006455	0.461860	0.013909	6	16
OTU22	OTU5	0.414350	0.260765	0.632123	2	2	6	0	0.115000	0.785918	0.036156	0.785918	0.036156	0	0.761500	0.046699	0.761500	0.046699	0	0.427027	0.208645	0.005216	0.224553	0.005660	6	17
OTU22	OTU430	-0.318670	-0.638900	0.202059	4	5	3	-1	0.698000	-0.293770	0.522518	-0.508953	0.302489	-1	-0.339464	0.456331	-0.500216	0.312257	-1	0.770652	0.572623	0.011932	0.425909	0.013217	6	18
OTU22	OTU6	-0.469220	-0.934417	-0.295067	2	1	6	1	0.005000	-0.416174	0.353042	-0.925516	0.008115	1	-0.594619	0.159090	-0.927634	0.007666	1	0.166667	0.521761	0.003006	0.308915	0.002331	6	19
OTU22	OTU18	-0.225704	-0.580104	0.383274	2	1	6	1	0.393000	-0.134230	0.774171	0.626907	0.182831	-1	-0.149592	0.748877	-0.708447	0.115113	1	0.662185	0.655383	0.008967	0.537854	0.007674	6	20
OTU22	OTU21	-0.352414	-0.791637	0.461155	2	1	6	1	0.006000	-0.197683	0.670922	0.761720	0.078402	-1	-0.321114	0.482525	-0.882353	0.019947	1	0.171429	0.621457	0.006701	0.434584	0.003627	6	21
OTU22	OTU10	0.464784	-0.871353	1.099951	3	4	4	-1	0.080000	0.063282	0.892785	0.845425	0.033994	-1	0.500086	0.253075	0.794461	0.059028	-1	0.376000	0.664398	0.005211	0.340806	0.006469	6	22
OTU4	OTU2771	-0.422907	-1.034960	-0.215571	1	1	7	0	0.145000	-0.664554	0.103430	-0.730624	0.099072	-1	-0.756787	0.048905	-0.756787	0.048905	0	0.427027	0.353817	0.007178	0.224553	0.005781	7	8
OTU4	OTU86	-0.424088	-0.970446	-0.323892	1	1	7	0	0.023000	-0.635964	0.124711	-0.764187	0.076855	-1	-0.879465	0.009070	-0.941124	0.005098	1	0.208696	0.386172	0.006701	0.105814	0.002146	7	9
OTU4	OTU14	-0.494134	-0.586502	-0.389466	1	1	7	0	0.001000	-0.572669	0.179040	-0.658838	0.154733	-1	-0.964286	0.000454	-0.964286	0.000454	0	0.066667	0.403471	0.008432	0.015895	0.000454	7	10
OTU4	OTU84	-0.226341	-0.539825	0.285382	1	1	3	0	0.531000	-0.591849	0.161543	-0.591849	0.161543	0	-0.428571	0.337368	-0.428571	0.337368	0	0.700645	0.397510	0.008465	0.383735	0.013631	7	11
OTU4	OTU537	-0.309209	-0.646359	0.234251	1	1	7	0	0.154000	-0.502190	0.250760	-0.502190	0.250760	0	-0.618284	0.138895	-0.618284	0.138895	0	0.427027	0.468971	0.010648	0.308915	0.008620	7	12
OTU4	OTU90	-0.437637	-0.841332	-0.278288	1	1	7	0	0.012000	-0.608066	0.147446	-0.608066	0.147446	0	-0.882919	0.008450	-0.882919	0.008450	0	0.200000	0.393190	0.008260	0.105814	0.002331	7	13
OTU4	OTU4223	0.188121	-0.395581	0.515055	1	2	6	-1	0.222000	0.067791	0.885179	0.992755	0.000079	-1	0.236403	0.609790	0.811679	0.049858	-1	0.511364	0.664398	0.000262	0.485060	0.005781	7	14
OTU4	OTU41	-0.370876	-0.779926	-0.195556	1	1	7	0	0.360000	-0.544342	0.206485	-0.549304	0.258916	-1	-0.648675	0.114996	-0.648675	0.114996	0	0.642857	0.434706	0.010788	0.288398	0.007674	7	15
OTU4	OTU519	-0.031028	-0.465156	0.400165	7	6	1	1	1.000000	-0.255352	0.580495	-0.353809	0.491432	1	-0.090924	0.846280	-0.147122	0.780909	-1	0.869565	0.599220	0.016373	0.558864	0.027162	7	16
OTU4	OTU5	0.407246	0.273379	0.532149	1	2	6	-1	0.081000	0.093735	0.841569	0.974661	0.000955	-1	0.490990	0.263194	0.985611	0.000309	-1	0.376000	0.656519	0.000820	0.341177	0.000412	7	17
OTU4	OTU430	-0.404701	-0.699786	-0.219747	1	1	7	0	0.011000	-0.475966	0.280301	-0.771663	0.072254	1	-0.836502	0.018971	-0.853310	0.030699	-1	0.200000	0.477109	0.006692	0.132799	0.004548	7	18
OTU4	OTU6	-0.441691	-0.855117	-0.295067	2	1	6	1	0.116000	-0.830285	0.020753	-0.935000	0.006200	-1	-0.678571	0.093750	-0.885714	0.018845	1	0.427027	0.184471	0.002632	0.288398	0.003627	7	19
OTU4	OTU18	-0.314924	-0.468311	-0.203928	1	1	7	0	0.222000	-0.462131	0.296480	-0.484092	0.330584	1	-0.592999	0.160522	-0.698253	0.122839	-1	0.511364	0.486670	0.012381	0.308915	0.008051	7	20
OTU4	OTU21	-0.334515	-0.492344	-0.182346	2	1	6	1	0.279000	-0.357378	0.431286	-0.519517	0.290833	1	-0.436436	0.327582	-0.666737	0.148090	1	0.583333	0.557421	0.011772	0.379021	0.008719	7	21
OTU4	OTU10	0.148767	-0.871353	0.824742	2	2	6	0	0.300000	-0.078606	0.866966	-0.297563	0.566829	1	0.569023	0.182466	0.569023	0.182466	0	0.607921	0.664398	0.017658	0.308915	0.009631	7	22
OTU2771	OTU86	0.400456	0.164271	0.999408	1	2	6	-1	0.339000	0.668328	0.100775	0.737987	0.093983	-1	0.575882	0.176047	0.765037	0.076326	-1	0.633645	0.353817	0.007096	0.308915	0.006856	8	9
OTU2771	OTU14	0.400084	0.193910	0.949566	1	1	7	0	0.526000	0.585069	0.167627	0.804866	0.053401	-1	0.648675	0.114996	0.771429	0.072397	-1	0.700645	0.397510	0.005933	0.288398	0.006856	8	10
OTU2771	OTU84	0.261912	-0.634795	0.930831	1	1	7	0	0.280000	0.657684	0.108356	0.657684	0.108356	0	0.666694	0.101920	0.666694	0.101920	0	0.583333	0.353817	0.007447	0.288398	0.007581	8	11
OTU2771	OTU537	0.297427	-0.461570	0.942261	1	1	7	0	0.599000	0.631792	0.127988	0.631792	0.127988	0	0.522958	0.228442	0.522958	0.228442	0	0.707059	0.386172	0.007757	0.323666	0.010443	8	12
OTU2771	OTU90	0.355347	-0.299887	0.942261	2	1	6	1	0.568000	0.634167	0.126117	0.634167	0.126117	0	0.554545	0.196381	0.666737	0.148090	1	0.707059	0.386172	0.007714	0.308915	0.008719	8	13
OTU2771	OTU4223	-0.118845	-0.941095	0.712309	2	2	6	0	0.664000	-0.508949	0.243391	-0.654970	0.158032	-1	-0.330289	0.469361	-0.579771	0.227784	-1	0.748315	0.464626	0.008432	0.432306	0.010443	8	14
OTU2771	OTU41	0.438452	-0.332529	1.098196	1	1	7	0	0.001000	0.957727	0.000690	0.957727	0.000690	0	0.972727	0.000232	0.972727	0.000232	0	0.066667	0.027591	0.000766	0.010849	0.000412	8	15
OTU2771	OTU519	0.035171	-0.795480	0.748383	3	4	4	-1	0.988000	0.102153	0.827483	0.181102	0.731317	-1	0.302765	0.509240	0.302765	0.509240	0	0.864629	0.656519	0.021573	0.445511	0.018602	8	16
OTU2771	OTU5	-0.390347	-1.025268	0.361293	1	2	6	-1	0.136000	-0.434537	0.329934	-0.744196	0.089784	-1	-0.302765	0.509240	-0.840668	0.036058	-1	0.427027	0.512519	0.007011	0.445511	0.005061	8	17
OTU2771	OTU430	0.370584	-0.243510	0.945461	1	1	7	0	0.440000	0.300302	0.512864	0.801534	0.055174	-1	0.651404	0.112963	0.651404	0.112963	0	0.680303	0.565919	0.006030	0.288398	0.007659	8	18
OTU2771	OTU6	0.450712	0.171553	1.115100	2	1	6	1	0.446000	0.727884	0.063665	0.727884	0.063665	0	0.594619	0.159090	0.637748	0.173071	1	0.680303	0.275310	0.006416	0.308915	0.009549	8	19
OTU2771	OTU18	0.318824	-0.299887	0.800329	1	2	6	-1	0.527000	0.103740	0.824832	0.611978	0.196631	-1	0.373979	0.408564	0.758971	0.080141	-1	0.700645	0.656519	0.009041	0.396113	0.006856	8	20
OTU2771	OTU21	0.364316	-0.285382	1.042767	1	1	7	0	0.895000	0.069574	0.882174	0.373133	0.466276	1	0.449560	0.311528	0.449560	0.311528	0	0.848341	0.664398	0.015860	0.372768	0.013217	8	21
OTU2771	OTU10	-0.165804	-1.242366	1.173355	2	2	6	0	0.594000	-0.273943	0.552192	-0.273943	0.552192	0	-0.574173	0.177636	-0.574173	0.177636	0	0.707059	0.588957	0.017365	0.308915	0.009631	8	22
OTU86	OTU14	0.449764	0.323892	0.933052	1	1	7	0	0.004000	0.933317	0.002127	0.988749	0.000189	-1	0.954314	0.000836	0.971008	0.001249	1	0.160000	0.037816	0.000315	0.019507	0.000832	9	10
OTU86	OTU84	0.160440	-0.364878	0.680745	2	1	6	1	0.617000	0.068797	0.883482	0.443791	0.378016	1	0.205832	0.657923	0.441367	0.380939	1	0.717442	0.664398	0.013517	0.503329	0.014866	9	11
OTU86	OTU537	0.265956	-0.255504	0.871353	1	1	7	0	0.499000	0.659840	0.106797	0.838410	0.037057	-1	0.495440	0.258221	0.523635	0.286336	-1	0.700645	0.353817	0.005216	0.341046	0.012586	9	12
OTU86	OTU90	0.399515	0.222091	0.942261	1	1	7	0	0.092000	0.948623	0.001118	0.948623	0.001118	0	0.811899	0.026559	0.924062	0.008431	-1	0.376000	0.029805	0.000828	0.154925	0.002331	9	13
OTU86	OTU4223	-0.186690	-0.645994	0.389541	1	2	6	-1	0.158000	-0.586714	0.166141	-0.614210	0.194542	-1	-0.495440	0.258221	-0.831655	0.040124	-1	0.427027	0.397510	0.009041	0.341046	0.005350	9	14
OTU86	OTU41	0.351633	0.156695	0.835137	2	1	6	1	0.139000	0.519986	0.231576	0.681687	0.135858	1	0.500356	0.252777	0.765037	0.076326	1	0.427027	0.464626	0.007945	0.340806	0.006856	9	15
OTU86	OTU519	-0.038523	-0.575999	0.441665	2	3	3	-1	0.681000	-0.138657	0.766865	-0.317461	0.539805	-1	0.057166	0.903110	-0.375183	0.463631	-1	0.760894	0.652651	0.017301	0.575435	0.017413	9	16
OTU86	OTU5	-0.377429	-0.657343	-0.225632	2	2	6	0	0.059000	-0.614059	0.142399	-0.626961	0.182781	1	-0.676467	0.095172	-0.893260	0.016482	-1	0.368750	0.386172	0.008967	0.288398	0.003470	9	17
OTU86	OTU430	0.348547	0.163207	0.791943	1	1	7	0	0.089000	0.661134	0.105867	0.826124	0.042721	-1	0.724105	0.065752	0.724105	0.065752	0	0.376000	0.353817	0.005590	0.263008	0.006831	9	18
OTU86	OTU6	0.442209	0.289604	0.934417	2	1	6	1	0.021000	0.781833	0.037817	0.983412	0.000410	1	0.748481	0.052930	0.971008	0.001249	1	0.208696	0.208645	0.000547	0.224553	0.000832	9	19
OTU86	OTU18	0.295181	-0.214802	0.492344	1	1	7	0	0.324000	0.217681	0.639147	0.446238	0.375073	1	0.582552	0.169914	0.687836	0.130960	1	0.623077	0.616565	0.013516	0.308915	0.008315	9	20
OTU86	OTU21	0.385296	0.194973	0.877768	2	1	6	1	0.046000	0.116681	0.803262	0.614477	0.194292	1	0.543079	0.207753	0.806060	0.052772	1	0.328571	0.655724	0.009041	0.313197	0.005864	9	21
OTU86	OTU10	-0.223185	-0.880099	0.871353	1	2	6	-1	0.151000	-0.278440	0.545415	-0.591405	0.216317	-1	-0.461624	0.297081	-0.750366	0.085697	-1	0.427027	0.585680	0.009614	0.371351	0.006856	9	22
OTU14	OTU84	0.181956	-0.309621	0.514236	1	1	2	0	0.474000	0.037325	0.936679	0.310492	0.549228	1	0.392857	0.383317	0.485714	0.328723	1	0.686957	0.681221	0.017353	0.383735	0.013369	10	11
OTU14	OTU537	0.320548	-0.203440	0.647809	1	1	7	0	0.163000	0.800331	0.030628	0.823438	0.044009	-1	0.563730	0.187496	0.563730	0.187496	0	0.434211	0.208645	0.005590	0.308915	0.009631	10	12
OTU14	OTU90	0.449215	0.219747	0.862676	1	1	7	0	0.018000	0.940401	0.001613	0.940401	0.001613	0	0.846881	0.016197	0.846881	0.016197	0	0.208696	0.036498	0.000919	0.132799	0.003470	10	13
OTU14	OTU4223	-0.189946	-0.499013	0.385423	1	2	6	-1	0.130000	-0.488934	0.265506	-0.572889	0.234678	-1	-0.272772	0.553961	-0.898645	0.014889	-1	0.427027	0.468971	0.010271	0.458902	0.003470	10	14
OTU14	OTU41	0.372824	0.189044	0.776341	2	1	6	1	0.145000	0.386179	0.392175	0.784802	0.064482	1	0.558581	0.192453	0.771429	0.072397	1	0.427027	0.539131	0.006416	0.308915	0.006856	10	15
OTU14	OTU519	-0.049708	-0.430867	0.376176	2	3	3	-1	0.987000	-0.157144	0.736507	-0.221004	0.673891	-1	0.145479	0.755633	0.231908	0.658374	1	0.864629	0.650470	0.020056	0.537854	0.023305	10	16
OTU14	OTU5	-0.396019	-0.530204	-0.257908	2	2	6	0	0.080000	-0.508453	0.243929	-0.570341	0.237251	-1	-0.545545	0.205282	-0.985611	0.000309	-1	0.376000	0.464626	0.010271	0.313197	0.000412	10	17
OTU14	OTU430	0.446977	0.245572	0.788766	1	1	7	0	0.010000	0.872674	0.010362	0.934382	0.006317	-1	0.836502	0.018971	0.836502	0.018971	0	0.200000	0.118427	0.002632	0.132799	0.003627	10	18
OTU14	OTU6	0.433924	0.288554	0.868757	1	1	7	0	0.082000	0.599947	0.154423	0.851747	0.031339	1	0.750000	0.052181	0.942857	0.004805	1	0.376000	0.397510	0.005211	0.224553	0.002146	10	19
OTU14	OTU18	0.316480	-0.241408	0.537737	1	1	7	0	0.092000	0.209030	0.652841	0.209030	0.652841	0	0.704187	0.077350	0.704187	0.077350	0	0.376000	0.618075	0.019517	0.284975	0.006856	10	20
OTU14	OTU21	0.329145	0.194973	0.475659	2	1	6	1	0.153000	-0.099932	0.831197	0.311093	0.548414	1	0.563730	0.187496	0.753702	0.083523	1	0.427027	0.656519	0.017353	0.308915	0.006856	10	21
OTU14	OTU10	-0.327372	-1.025754	0.485929	1	2	6	-1	0.407000	-0.416621	0.352472	-0.514102	0.296786	-1	-0.440534	0.322532	-0.617914	0.191094	-1	0.667742	0.521761	0.011777	0.379021	0.009631	10	22
OTU84	OTU537	0.088856	-0.485929	0.732694	1	1	7	0	0.805000	0.307924	0.501679	0.307924	0.501679	0	0.418251	0.350395	-0.463817	0.354164	-1	0.809901	0.557421	0.016475	0.383735	0.014026	11	12
OTU84	OTU90	0.011575	-0.555218	0.593792	1	1	2	0	0.902000	-0.019077	0.967620	0.147317	0.780623	-1	0.126131	0.787572	0.485714	0.328723	1	0.850943	0.686724	0.022825	0.537854	0.013369	11	13
OTU84	OTU4223	0.072303	-0.669083	0.767475	2	1	3	1	0.234000	-0.097528	0.835218	0.746373	0.088333	1	0.272772	0.553961	0.782691	0.065704	1	0.522222	0.656519	0.007011	0.458902	0.006831	11	14
OTU84	OTU41	0.260165	-0.423295	0.899056	1	1	7	0	0.376000	0.615079	0.141550	0.615079	0.141550	0	0.684712	0.089666	0.684712	0.089666	0	0.652991	0.386172	0.008045	0.288398	0.006964	11	15
OTU84	OTU519	0.292523	-0.430867	0.826539	1	1	7	0	0.201000	0.689242	0.086716	0.689242	0.086716	0	0.800132	0.030701	0.800132	0.030701	0	0.478571	0.330345	0.007011	0.159190	0.004548	11	16
OTU84	OTU5	-0.154451	-0.662110	0.456291	2	1	6	1	0.458000	-0.064081	0.891436	0.786497	0.063509	1	0.127294	0.785646	0.853310	0.030699	1	0.681481	0.664398	0.006416	0.537854	0.004548	11	17
OTU84	OTU430	0.178079	-0.361293	0.711350	1	1	7	0	0.492000	0.031540	0.946482	0.256161	0.624163	-1	0.654654	0.110567	0.654654	0.110567	0	0.700645	0.682150	0.019000	0.288398	0.007581	11	18
OTU84	OTU6	0.310330	-0.330590	0.831032	1	2	4	-1	0.501000	0.489600	0.264756	0.727544	0.101236	-1	0.392857	0.383317	0.714286	0.110787	-1	0.700645	0.468971	0.007180	0.383735	0.007581	11	19
OTU84	OTU18	0.388849	0.221686	0.797685	1	1	7	0	0.198000	0.493901	0.259935	0.729105	0.100137	-1	0.704187	0.077350	0.819689	0.045837	-1	0.477108	0.468971	0.007178	0.284975	0.005660	11	20
OTU84	OTU21	0.392652	0.221686	0.871353	1	2	4	-1	0.090000	0.395794	0.379448	0.764002	0.076971	-1	0.581914	0.170495	0.898645	0.014889	-1	0.376000	0.539131	0.006701	0.308915	0.003470	11	21
OTU84	OTU10	0.299398	-0.715490	1.020959	3	4	3	-1	0.460000	0.314330	0.492343	0.517426	0.293126	-1	-0.036711	0.937719	0.353094	0.492370	-1	0.681481	0.557421	0.011772	0.586075	0.018152	11	22
OTU537	OTU90	0.349932	-0.280425	0.810629	1	1	7	0	0.193000	0.753942	0.050264	0.911877	0.011306	1	0.697277	0.081610	0.697277	0.081610	0	0.470732	0.254082	0.003769	0.285634	0.006856	12	13
OTU537	OTU4223	-0.091747	-0.580104	0.490134	1	2	4	-1	0.978000	-0.162125	0.728371	-0.380931	0.456242	1	0.018519	0.968567	-0.455882	0.363549	1	0.864629	0.649503	0.015598	0.600175	0.014257	12	14
OTU537	OTU41	0.252945	-0.400165	0.791943	4	5	3	-1	0.804000	0.482686	0.272589	0.588950	0.218718	1	0.385337	0.393296	0.385337	0.393296	0	0.809901	0.468971	0.009656	0.390507	0.015200	12	15
OTU537	OTU519	-0.174588	-0.831032	0.645095	4	3	3	1	0.146000	0.091528	0.845268	-0.613251	0.195439	1	0.500000	0.253170	-0.735294	0.095830	1	0.427027	0.656519	0.009041	0.340806	0.007301	12	16
OTU537	OTU5	-0.271446	-0.577572	0.296944	1	2	6	-1	0.811000	-0.155064	0.739909	-0.403316	0.427829	-1	-0.222222	0.631989	-0.403030	0.428188	-1	0.809901	0.650470	0.014855	0.490999	0.016235	12	17
OTU537	OTU430	0.411607	0.189044	0.939266	1	1	7	0	0.016000	0.745800	0.054267	0.874081	0.022785	-1	0.824074	0.022624	0.824074	0.022624	0	0.208696	0.255374	0.004571	0.143971	0.003851	12	18
OTU537	OTU6	0.150342	-0.465156	0.575999	6	5	2	1	0.816000	0.332592	0.466078	0.506428	0.305299	1	0.127294	0.785646	0.463817	0.354164	1	0.809901	0.557421	0.011973	0.537854	0.014026	12	19
OTU537	OTU18	0.113493	-0.425234	0.605837	1	2	6	-1	0.864000	0.139895	0.764825	0.434623	0.389115	-1	0.283069	0.538466	0.750366	0.085697	-1	0.831731	0.652651	0.013653	0.456880	0.006856	12	20
OTU537	OTU21	-0.050808	-0.569804	0.410730	5	4	1	1	0.972000	-0.288114	0.530928	-0.288114	0.530928	0	-0.046296	0.921489	0.134343	0.799697	-1	0.864000	0.577881	0.017099	0.581119	0.027695	12	21
OTU537	OTU10	-0.412835	-1.142691	0.485929	4	4	4	0	0.286000	-0.430046	0.335524	-0.551342	0.256785	1	-0.654234	0.110875	-0.654234	0.110875	0	0.589691	0.516191	0.010767	0.288398	0.007581	12	22
OTU90	OTU4223	-0.212934	-0.713571	0.444702	1	2	6	-1	0.349000	-0.381291	0.398709	-0.649747	0.162532	1	-0.165145	0.723449	-0.661765	0.152257	1	0.634545	0.539131	0.008465	0.529275	0.008891	13	14
OTU90	OTU41	0.323754	-0.255504	0.810629	6	5	2	1	0.854000	0.512316	0.239758	0.552855	0.255207	1	0.445455	0.316513	0.463817	0.354164	-1	0.831731	0.464626	0.010767	0.375523	0.014026	13	15
OTU90	OTU519	-0.205309	-0.690656	0.400165	3	3	3	0	0.775000	-0.317530	0.487704	-0.317530	0.487704	0	-0.073398	0.875732	0.264820	0.612055	-1	0.798969	0.557421	0.016373	0.567128	0.022056	13	16
OTU90	OTU5	-0.353507	-0.745638	-0.197658	1	2	6	-1	0.139000	-0.382938	0.396502	-0.709620	0.114238	1	-0.339464	0.456331	-0.811679	0.049858	-1	0.427027	0.539131	0.007540	0.425909	0.005781	13	17
OTU90	OTU430	0.400161	0.189044	0.852507	1	1	7	0	0.148000	0.701005	0.079297	0.893448	0.016425	-1	0.678928	0.093511	0.971008	0.001249	-1	0.427027	0.317186	0.004539	0.288398	0.000832	13	18
OTU90	OTU6	0.363651	-0.203548	0.807044	1	1	7	0	0.238000	0.615169	0.141474	0.866975	0.025367	1	0.576600	0.175382	0.753702	0.083523	1	0.523077	0.386172	0.004571	0.308915	0.006856	13	19
OTU90	OTU18	0.100437	-0.364878	0.513748	1	1	3	0	0.893000	-0.005506	0.990653	0.313393	0.545301	1	0.299183	0.514514	0.516100	0.294584	-1	0.848341	0.686724	0.017353	0.445511	0.012739	13	20
OTU90	OTU21	0.211190	-0.330590	0.606804	3	2	5	1	0.577000	-0.162866	0.727162	0.534685	0.274403	1	0.192669	0.678952	0.617647	0.191342	1	0.707059	0.649503	0.011223	0.511039	0.009631	13	21
OTU90	OTU10	-0.396502	-1.149688	0.868936	1	2	6	-1	0.124000	-0.510469	0.241748	-0.542125	0.266478	-1	-0.555651	0.195302	-0.794461	0.059028	-1	0.427027	0.464626	0.010966	0.308915	0.006469	13	22
OTU4223	OTU41	-0.081591	-0.824561	0.699786	1	2	6	-1	0.512000	-0.411749	0.358708	-0.599990	0.208010	1	-0.302765	0.509240	-0.579771	0.227784	1	0.700645	0.521761	0.009370	0.445511	0.010443	14	15
OTU4223	OTU519	0.106933	-0.559043	0.646472	2	3	2	-1	0.525000	0.006292	0.989319	-0.355547	0.489153	1	0.277778	0.546411	0.507519	0.304084	-1	0.700645	0.686724	0.016373	0.458069	0.013009	14	16
OTU4223	OTU5	0.234921	-0.449432	0.568156	1	1	7	0	0.071000	0.982387	0.000078	0.982387	0.000078	0	0.824074	0.022624	0.824074	0.022624	0	0.376000	0.011415	0.000262	0.143971	0.003851	14	17
OTU4223	OTU430	-0.123339	-0.540846	0.508778	2	1	4	1	0.628000	-0.242859	0.599760	-0.747560	0.087545	1	-0.046296	0.921489	-0.492592	0.320875	1	0.721839	0.607352	0.007011	0.581119	0.013369	14	18
OTU4223	OTU6	-0.218800	-0.847061	0.557006	2	1	6	1	0.037000	-0.548544	0.202294	-0.872605	0.023310	1	-0.218218	0.638299	-0.985611	0.000309	1	0.284615	0.434706	0.004571	0.490999	0.000412	14	19
OTU4223	OTU18	-0.100129	-0.586085	0.475721	2	1	6	1	0.468000	-0.221893	0.632508	-0.497697	0.315094	1	0.132099	0.777693	-0.770051	0.073235	1	0.683212	0.616565	0.012142	0.537854	0.006856	14	20
OTU4223	OTU21	-0.083038	-0.599774	0.632123	2	1	6	1	0.414000	-0.271538	0.555828	-0.544939	0.263504	1	-0.092593	0.843483	-0.882353	0.019947	1	0.667742	0.588957	0.010911	0.558864	0.003627	14	21
OTU4223	OTU10	0.257481	-0.888438	1.330634	2	2	6	0	0.559000	0.057087	0.903243	-0.272705	0.601083	1	0.542080	0.208758	0.542080	0.208758	0	0.707059	0.665986	0.018497	0.313197	0.010061	14	22
OTU41	OTU519	0.068123	-0.559043	0.634795	3	4	4	-1	0.854000	0.006794	0.988467	0.253185	0.628338	-1	0.321114	0.482525	0.321114	0.482525	0	0.831731	0.686724	0.019041	0.434584	0.017871	15	16
OTU41	OTU5	-0.364440	-0.921472	0.371280	1	2	6	-1	0.102000	-0.311625	0.496278	-0.688420	0.130499	-1	-0.174319	0.708542	-0.840668	0.036058	-1	0.400000	0.557421	0.007838	0.527638	0.005061	15	17
OTU41	OTU430	0.337628	-0.254035	0.804434	1	2	6	-1	0.536000	0.044488	0.924550	0.821748	0.044829	-1	0.522958	0.228442	0.647339	0.164625	-1	0.700645	0.677038	0.005590	0.323666	0.009234	15	18
OTU41	OTU6	0.405734	0.182153	0.930312	1	1	7	0	0.413000	0.614057	0.142401	0.614057	0.142401	0	0.666694	0.101920	0.666694	0.101920	0	0.667742	0.386172	0.008045	0.288398	0.007581	15	19
OTU41	OTU18	0.308653	-0.299887	0.721650	1	2	6	-1	0.306000	-0.101306	0.828899	0.633539	0.176834	-1	0.355280	0.434192	0.758971	0.080141	-1	0.607921	0.656519	0.008931	0.410722	0.006856	15	20
OTU41	OTU21	0.317934	-0.269184	0.867102	1	1	7	0	0.583000	0.005032	0.991458	0.435933	0.387522	1	0.559657	0.191412	0.559657	0.191412	0	0.707059	0.686724	0.013653	0.308915	0.009631	15	21
OTU41	OTU10	-0.047784	-1.101520	1.042185	3	2	5	1	0.539000	-0.308200	0.501274	-0.308200	0.501274	0	-0.398216	0.376268	0.671717	0.143965	1	0.700645	0.557421	0.016475	0.383735	0.008719	15	22
OTU519	OTU5	0.142045	-0.448810	0.578739	3	2	5	1	0.865000	-0.082560	0.860319	0.493206	0.320177	1	0.138889	0.766482	0.621212	0.188046	1	0.831731	0.664398	0.012176	0.537854	0.009631	16	17
OTU519	OTU430	0.028092	-0.519634	0.580104	4	5	2	-1	0.948000	-0.032231	0.945311	-0.089060	0.866763	-1	0.555556	0.195394	0.555556	0.195394	0	0.854054	0.682150	0.025015	0.308915	0.009769	16	18
OTU519	OTU6	0.171088	-0.456979	0.769626	1	2	4	-1	0.608000	0.248142	0.591590	0.501210	0.311140	-1	0.090924	0.846280	0.405840	0.424663	-1	0.711111	0.603590	0.012060	0.558864	0.016235	16	19
OTU519	OTU18	0.290757	-0.391268	0.756681	1	1	7	0	0.574000	0.830675	0.020639	0.830675	0.020639	0	0.566139	0.185199	0.566139	0.185199	0	0.707059	0.184471	0.004571	0.308915	0.009631	16	20
OTU519	OTU21	0.179904	-0.521939	0.730489	1	2	4	-1	0.427000	0.690573	0.085859	0.690573	0.085859	0	0.379630	0.400940	0.485294	0.329205	-1	0.677778	0.330345	0.007011	0.394156	0.013369	16	21
OTU519	OTU10	0.297615	-0.917914	1.215323	3	4	3	-1	0.441000	0.798352	0.031357	0.798352	0.031357	0	0.056077	0.904950	0.403030	0.428188	-1	0.680303	0.208645	0.005211	0.575435	0.016235	16	22
OTU5	OTU430	-0.337320	-0.632151	-0.201294	2	2	6	0	0.330000	-0.279490	0.543835	-0.753905	0.083392	1	-0.425926	0.340688	-0.746352	0.088347	1	0.628571	0.585680	0.006949	0.383735	0.006929	17	18
OTU5	OTU6	-0.421585	-0.883210	-0.254035	2	1	6	1	0.022000	-0.583620	0.168942	-0.879521	0.020898	1	-0.163663	0.725862	-0.927634	0.007666	1	0.208696	0.397510	0.004571	0.529275	0.002331	17	19
OTU5	OTU18	-0.258249	-0.469606	0.345328	2	1	6	1	0.731000	-0.350339	0.441063	-0.492509	0.320970	1	-0.226455	0.625339	-0.646843	0.165057	1	0.781818	0.557421	0.012176	0.490999	0.009234	17	20
OTU5	OTU21	-0.290214	-0.535304	0.308501	2	1	6	1	0.251000	-0.385977	0.392443	-0.518186	0.292291	1	-0.083333	0.859020	-0.676471	0.140075	1	0.534043	0.539131	0.011772	0.561975	0.008620	17	21
OTU5	OTU10	0.372954	-0.444406	1.084153	2	2	6	0	0.596000	-0.069569	0.882182	0.333908	0.517753	-1	0.663580	0.104121	0.663580	0.104121	0	0.707059	0.664398	0.016774	0.288398	0.007581	17	22
OTU430	OTU6	0.300060	-0.241408	0.713571	2	1	6	1	0.399000	0.339089	0.456861	0.594583	0.213227	-1	0.418251	0.350395	0.676763	0.139837	1	0.665000	0.557421	0.009540	0.383735	0.008620	18	19
OTU430	OTU18	0.282258	-0.303351	0.577572	1	1	7	0	0.174000	0.340441	0.454952	0.472942	0.343479	-1	0.735980	0.059318	0.812897	0.049236	-1	0.440506	0.557421	0.012651	0.244249	0.005781	18	20
OTU430	OTU21	0.160738	-0.364878	0.492344	1	1	4	0	0.954000	-0.175508	0.706615	-0.175508	0.706615	0	0.370370	0.413462	0.492592	0.320875	-1	0.855605	0.638748	0.020937	0.396471	0.013369	18	21
OTU430	OTU10	-0.370589	-1.015088	0.460227	2	2	6	0	0.307000	-0.330732	0.468730	-0.437088	0.386120	1	-0.532734	0.218274	-0.532734	0.218274	0	0.607921	0.557421	0.013653	0.321667	0.010326	18	22
OTU6	OTU18	0.402248	0.233948	0.899609	2	1	6	1	0.301000	0.522673	0.228742	0.656734	0.156524	1	0.592999	0.160522	0.941124	0.005098	1	0.607921	0.464626	0.008432	0.308915	0.002146	19	20
OTU6	OTU21	0.472676	0.262486	0.961276	1	1	7	0	0.042000	0.597910	0.156199	0.683379	0.134503	1	0.872872	0.010323	0.927634	0.007666	1	0.311111	0.397510	0.007935	0.111175	0.002331	19	21
OTU6	OTU10	0.076384	-0.877768	1.001701	1	2	6	-1	0.244000	0.200155	0.666971	0.467367	0.349993	1	0.055067	0.906657	-0.617914	0.191094	-1	0.524731	0.621457	0.012820	0.575435	0.009631	19	22
OTU18	OTU21	0.420016	0.243199	0.756437	1	1	7	0	0.057000	0.794993	0.032616	0.794993	0.032616	0	0.773723	0.041236	0.773723	0.041236	0	0.367742	0.208645	0.005211	0.206179	0.005363	20	21
OTU18	OTU10	0.245295	-0.749583	0.986063	4	4	3	0	0.911000	0.752799	0.050816	0.752799	0.050816	0	0.095242	0.839044	-0.375183	0.463631	1	0.854054	0.254082	0.005933	0.558864	0.017413	20	22
OTU21	OTU10	0.361798	-0.843674	1.049019	4	4	2	0	0.425000	0.892766	0.006821	0.892766	0.006821	0	0.317771	0.487355	0.343322	0.505251	1	0.677778	0.097277	0.002675	0.434584	0.018541	21	22
